19-Oct-2015
13:15:46.859 1
162 2819749 4CA4ED RYR50Q 6763 -0.5059100 39.4982300 1200.00 164.20 294.80 3136.00 0 0 0 0 2015/10/19 13:15:45.443
13:15:47.863 1
162 2819749 4CA4ED RYR50Q 6763 -0.5059100 39.4982300 1200.00 164.20 294.80 3136.00 0 0 0 0 2015/10/19 13:15:45.443
13:15:48.861 1
162 2819749 4CA4ED RYR50Q 6763 -0.5059100 39.4982300 1200.00 164.20 294.80 3136.00 0 0 0 0 2015/10/19 13:15:45.443
13:15:49.862 1
162 2819749 4CA4ED RYR50Q 6763 -0.5059100 39.4982300 1200.00 164.20 294.80 3136.00 0 0 0 0 2015/10/19 13:15:45.443
13:15:50.862 1
162 2819749 4CA4ED RYR50Q 6763 -0.5098500 39.4996500 1400.00 165.50 295.00 2816.00 0 0 0 0 2015/10/19 13:15:49.709
13:15:51.867 1
162 2819749 4CA4ED RYR50Q 6763 -0.5098500 39.4996500 1400.00 162.70 292.80 2752.00 0 0 0 0 2015/10/19 13:15:49.709
13:15:52.870 1
162 2819749 4CA4ED RYR50Q 6763 -0.5116400 39.5002900 1475.00 162.70 292.80 2752.00 0 0 0 0 2015/10/19 13:15:51.740
13:15:53.876 1
162 2819749 4CA4ED RYR50Q 6763 -0.5125100 39.5006400 1525.00 162.70 292.80 2752.00 0 0 0 0 2015/10/19 13:15:52.756
13:15:54.880 1
162 2819749 4CA4ED RYR50Q 6763 -0.5132400 39.5009200 1575.00 164.40 293.30 2624.00 0 0 0 0 2015/10/19 13:15:53.772
13:15:55.884 1
162 2819749 4CA4ED RYR50Q 6763 -0.5132400 39.5009200 1575.00 164.40 293.30 2624.00 0 0 0 0 2015/10/19 13:15:53.772
13:15:56.886 1
162 2819749 4CA4ED RYR50Q 6763 -0.5152200 39.5016600 1650.00 165.70 293.50 2432.00 0 0 0 0 2015/10/19 13:15:55.803
13:15:57.893 1
162 2819749 4CA4ED RYR50Q 6763 -0.5161700 39.5019900 1700.00 165.70 293.50 2432.00 0 0 0 0 2015/10/19 13:15:56.819
13:15:58.898 1
162 2819749 4CA4ED RYR50Q 6763 -0.5169100 39.5022700 1725.00 167.50 293.20 2240.00 0 0 0 0 2015/10/19 13:15:57.631
13:15:59.903 1
162 2819749 4CA4ED RYR50Q 6763 -0.5169100 39.5022700 1725.00 167.50 293.20 2240.00 0 0 0 0 2015/10/19 13:15:57.631
13:16:00.907 1
162 2819749 4CA4ED RYR50Q 6763 -0.5189200 39.5030400 1800.00 169.80 293.20 2048.00 0 0 0 0 2015/10/19 13:15:59.865
13:16:01.911 1
162 2819749 4CA4ED RYR50Q 6763 -0.5189200 39.5030400 1800.00 169.80 293.20 2048.00 0 0 0 0 2015/10/19 13:15:59.865
13:16:02.916 1
162 2819749 4CA4ED RYR50Q 6763 -0.5189200 39.5030400 1800.00 169.80 293.20 2048.00 0 0 0 0 2015/10/19 13:15:59.865
13:16:03.915 1
162 2819749 4CA4ED RYR50Q 6763 -0.5189200 39.5030400 1800.00 169.80 293.20 2048.00 0 0 0 0 2015/10/19 13:15:59.865
13:16:04.918 1
162 2819749 4CA4ED RYR50Q 6763 -0.5227500 39.5044600 1900.00 176.10 293.10 1536.00 0 0 0 0 2015/10/19 13:16:03.725
13:16:05.923 1
162 2819749 4CA4ED RYR50Q 6763 -0.5239400 39.5048700 1925.00 176.10 293.10 1536.00 0 0 0 0 2015/10/19 13:16:04.944
13:16:06.924 1
162 2819749 4CA4ED RYR50Q 6763 -0.5239400 39.5048700 1925.00 176.10 293.10 1536.00 0 0 0 0 2015/10/19 13:16:04.944
13:16:07.929 1
162 2819749 4CA4ED RYR50Q 6763 -0.5239400 39.5048700 1925.00 176.10 293.10 1536.00 0 0 0 0 2015/10/19 13:16:04.944
13:16:08.933 1
162 2819749 4CA4ED RYR50Q 6763 -0.5267500 39.5059200 1975.00 187.40 295.60 1024.00 0 0 0 0 2015/10/19 13:16:07.788
13:16:09.939 1
162 2819749 4CA4ED RYR50Q 6763 -0.5267500 39.5059200 1975.00 187.40 295.60 1024.00 0 0 0 0 2015/10/19 13:16:07.788
13:16:10.943 1
162 2819749 4CA4ED RYR50Q 6763 -0.5282000 39.5064600 2000.00 192.30 295.90 1088.00 0 0 0 0 2015/10/19 13:16:09.209
13:16:11.944 1
162 2819749 4CA4ED RYR50Q 6763 -0.5296700 39.5070200 2025.00 194.10 295.60 1152.00 0 0 0 0 2015/10/19 13:16:10.631
13:16:12.945 1
162 2819749 4CA4ED RYR50Q 6763 -0.5305100 39.5073400 2050.00 195.50 295.80 1152.00 0 0 0 0 2015/10/19 13:16:11.444
13:16:13.945 1
162 2819749 4CA4ED RYR50Q 6763 -0.5315600 39.5077200 2050.00 197.70 295.80 1216.00 0 0 0 0 2015/10/19 13:16:12.460
13:16:14.947 1
162 2819749 4CA4ED RYR50Q 6763 -0.5329000 39.5082300 2075.00 197.70 295.80 1216.00 0 0 0 0 2015/10/19 13:16:13.678
13:16:15.951 1
162 2819749 4CA4ED RYR50Q 6763 -0.5339700 39.5086200 2100.00 197.90 293.80 1408.00 0 0 0 0 2015/10/19 13:16:14.694
13:16:16.953 1
162 2819749 4CA4ED RYR50Q 6763 -0.5350300 39.5090200 2125.00 197.90 293.80 1408.00 0 0 0 0 2015/10/19 13:16:15.710
13:16:17.959 1
162 2819749 4CA4ED RYR50Q 6763 -0.5361200 39.5094500 2175.00 198.80 293.70 1600.00 0 0 0 0 2015/10/19 13:16:16.725
13:16:18.960 1
162 2819749 4CA4ED RYR50Q 6763 -0.5372300 39.5098600 2200.00 202.00 293.60 2048.00 0 0 0 0 2015/10/19 13:16:17.538
13:16:19.960 1
162 2819749 4CA4ED RYR50Q 6763 -0.5383900 39.5102700 2225.00 202.00 293.60 2048.00 0 0 0 0 2015/10/19 13:16:18.757
13:16:20.964 1
162 2819749 4CA4ED RYR50Q 6763 -0.5383900 39.5102700 2225.00 202.00 293.60 2048.00 0 0 0 0 2015/10/19 13:16:18.757
13:16:21.966 1
162 2819749 4CA4ED RYR50Q 6763 -0.5383900 39.5102700 2225.00 205.10 293.60 2240.00 0 0 0 0 2015/10/19 13:16:18.757
13:16:22.967 1
162 2819749 4CA4ED RYR50Q 6763 -0.5383900 39.5102700 2225.00 205.10 293.60 2240.00 0 0 0 0 2015/10/19 13:16:18.757
13:16:23.973 1
162 2819749 4CA4ED RYR50Q 6763 -0.5383900 39.5102700 2225.00 205.10 293.60 2240.00 0 0 0 0 2015/10/19 13:16:18.757
13:16:24.974 1
162 2819749 4CA4ED RYR50Q 6763 -0.5442400 39.5124700 2425.00 205.10 293.60 2240.00 0 0 0 0 2015/10/19 13:16:23.835
13:16:25.979 1
162 2819749 4CA4ED RYR50Q 6763 -0.5453500 39.5128900 2475.00 209.10 294.00 2496.00 0 0 0 0 2015/10/19 13:16:24.850
13:16:26.980 1
162 2819749 4CA4ED RYR50Q 6763 -0.5453500 39.5128900 2475.00 209.10 294.00 2496.00 0 0 0 0 2015/10/19 13:16:24.850
13:16:27.982 1
162 2819749 4CA4ED RYR50Q 6763 -0.5453500 39.5128900 2475.00 209.10 294.00 2496.00 0 0 0 0 2015/10/19 13:16:24.850
13:16:28.985 1
162 2819749 4CA4ED RYR50Q 6763 -0.5453500 39.5128900 2475.00 209.10 294.00 2496.00 0 0 0 0 2015/10/19 13:16:24.850
13:16:29.989 1
162 2819749 4CA4ED RYR50Q 6763 -0.5453500 39.5128900 2475.00 209.10 294.00 2496.00 0 0 0 0 2015/10/19 13:16:24.850
13:16:30.991 1
162 2819749 4CA4ED RYR50Q 6763 -0.5453500 39.5128900 2475.00 209.10 294.00 2496.00 0 0 0 0 2015/10/19 13:16:24.850
13:16:31.995 1
162 2819749 4CA4ED RYR50Q 6763 -0.5453500 39.5128900 2475.00 209.10 294.00 2496.00 0 0 0 0 2015/10/19 13:16:24.850
13:16:33.000 1
162 2819749 4CA4ED RYR50Q 6763 -0.5453500 39.5128900 2475.00 209.10 294.00 2496.00 0 0 0 0 2015/10/19 13:16:24.850
13:16:34.006 1
162 2819749 4CA4ED RYR50Q 6763 -0.5453500 39.5128900 2475.00 209.10 294.00 2496.00 0 0 0 0 2015/10/19 13:16:24.850
13:16:35.007 1
162 2819749 4CA4ED RYR50Q 6763 -0.5453500 39.5128900 2475.00 209.10 294.00 2496.00 0 0 0 0 2015/10/19 13:16:24.850
13:16:36.013 1
162 2819749 4CA4ED RYR50Q 6763 -0.5453500 39.5128900 2475.00 209.10 294.00 2496.00 0 0 0 0 2015/10/19 13:16:24.850
13:16:37.011 1
162 2819749 4CA4ED RYR50Q 6763 -0.5453500 39.5128900 2475.00 209.10 294.00 2496.00 0 0 0 0 2015/10/19 13:16:24.850
13:16:38.015 1
162 2819749 4CA4ED RYR50Q 6763 -0.5453500 39.5128900 2475.00 209.10 294.00 2496.00 0 0 0 0 2015/10/19 13:16:24.850
13:16:39.018 1
162 2819749 4CA4ED RYR50Q 6763 -0.5453500 39.5128900 2475.00 209.10 294.00 2496.00 0 0 0 0 2015/10/19 13:16:24.850
13:16:40.020 1
162 2819749 4CA4ED RYR50Q 6763 -0.5453500 39.5128900 2475.00 209.10 294.00 2496.00 0 0 0 0 2015/10/19 13:16:24.850
13:16:41.025 1
162 2819749 4CA4ED RYR50Q 6763 -0.5626800 39.5194100 3250.00 209.10 294.00 2496.00 0 0 0 0 2015/10/19 13:16:39.679
13:16:42.029 1
162 2819749 4CA4ED RYR50Q 6763 -0.5626800 39.5194100 3250.00 220.90 295.80 3456.00 0 0 0 0 2015/10/19 13:16:39.679
13:16:43.034 1
162 2819749 4CA4ED RYR50Q 6763 -0.5650600 39.5202900 3350.00 221.40 296.00 3456.00 0 0 0 0 2015/10/19 13:16:41.507
13:16:44.039 1
162 2819749 4CA4ED RYR50Q 6763 -0.5662700 39.5207500 3425.00 221.40 296.00 3456.00 0 0 0 0 2015/10/19 13:16:42.726
13:16:45.042 1
162 2819749 4CA4ED RYR50Q 6763 -0.5674400 39.5212200 3475.00 221.40 296.00 3456.00 0 0 0 0 2015/10/19 13:16:43.742
13:16:46.045 1
162 2819749 4CA4ED RYR50Q 6763 -0.5674400 39.5212200 3475.00 221.40 296.00 3456.00 0 0 0 0 2015/10/19 13:16:43.742
13:16:47.048 1
162 2819749 4CA4ED RYR50Q 6763 -0.5674400 39.5212200 3475.00 221.40 296.00 3456.00 0 0 0 0 2015/10/19 13:16:43.742
13:16:48.051 1
162 2819749 4CA4ED RYR50Q 6763 -0.5674400 39.5212200 3475.00 221.40 296.00 3456.00 0 0 0 0 2015/10/19 13:16:43.742
13:16:49.054 1
162 2819749 4CA4ED RYR50Q 6763 -0.5716600 39.5229900 3650.00 224.00 300.00 3072.00 0 0 0 0 2015/10/19 13:16:47.195
13:16:50.059 1
162 2819749 4CA4ED RYR50Q 6763 -0.5716600 39.5229900 3650.00 224.00 300.00 3072.00 0 0 0 0 2015/10/19 13:16:47.195
13:16:51.060 1
162 2819749 4CA4ED RYR50Q 6763 -0.5716600 39.5229900 3650.00 224.00 300.00 3072.00 0 0 0 0 2015/10/19 13:16:47.195
13:16:52.060 1
162 2819749 4CA4ED RYR50Q 6763 -0.5716600 39.5229900 3650.00 224.00 300.00 3072.00 0 0 0 0 2015/10/19 13:16:47.195
13:16:53.066 1
162 2819749 4CA4ED RYR50Q 6763 -0.5716600 39.5229900 3650.00 224.00 300.00 3072.00 0 0 0 0 2015/10/19 13:16:47.195
13:16:54.066 1
162 2819749 4CA4ED RYR50Q 6763 -0.5716600 39.5229900 3650.00 224.00 300.00 3072.00 0 0 0 0 2015/10/19 13:16:47.195
13:16:55.071 1
162 2819749 4CA4ED RYR50Q 6763 -0.5716600 39.5229900 3650.00 224.00 300.00 3072.00 0 0 0 0 2015/10/19 13:16:47.195
13:16:56.075 1
162 2819749 4CA4ED RYR50Q 6763 -0.5716600 39.5229900 3650.00 224.00 300.00 3072.00 0 0 0 0 2015/10/19 13:16:47.195
13:16:57.080 1
162 2819749 4CA4ED RYR50Q 6763 -0.5716600 39.5229900 3650.00 224.00 300.00 3072.00 0 0 0 0 2015/10/19 13:16:47.195
13:16:58.082 1
162 2819749 4CA4ED RYR50Q 6763 -0.5716600 39.5229900 3650.00 224.00 300.00 3072.00 0 0 0 0 2015/10/19 13:16:47.195
13:16:59.083 1
162 2819749 4CA4ED RYR50Q 6763 -0.5716600 39.5229900 3650.00 224.00 300.00 3072.00 0 0 0 0 2015/10/19 13:16:47.195
13:17:00.086 1
162 2819749 4CA4ED RYR50Q 6763 -0.5716600 39.5229900 3650.00 224.00 300.00 3072.00 0 0 0 0 2015/10/19 13:16:47.195
13:17:01.088 1
162 2819749 4CA4ED RYR50Q 6763 -0.5836500 39.5322000 4025.00 241.30 325.10 1344.00 0 0 0 0 2015/10/19 13:16:59.586
13:17:02.092 1
162 2819749 4CA4ED RYR50Q 6763 -0.5844100 39.5331400 4050.00 237.10 326.20 1344.00 0 0 0 0 2015/10/19 13:17:00.398
13:17:03.095 1
162 2819749 4CA4ED RYR50Q 6763 -0.5851400 39.5341200 4075.00 237.10 326.20 1344.00 0 0 0 0 2015/10/19 13:17:01.414
13:17:04.100 1
162 2819749 4CA4ED RYR50Q 6763 -0.5851400 39.5341200 4075.00 248.70 333.70 1280.00 0 0 0 0 2015/10/19 13:17:01.414
13:17:05.102 1
162 2819749 4CA4ED RYR50Q 6763 -0.5851400 39.5341200 4075.00 248.70 333.70 1280.00 0 0 0 0 2015/10/19 13:17:01.414
13:17:06.104 1
162 2819749 4CA4ED RYR50Q 6763 -0.5851400 39.5341200 4075.00 248.70 333.70 1280.00 0 0 0 0 2015/10/19 13:17:01.414
13:17:07.105 1
162 2819749 4CA4ED RYR50Q 6763 -0.5851400 39.5341200 4075.00 248.70 333.70 1280.00 0 0 0 0 2015/10/19 13:17:01.414
13:17:08.106 1
162 2819749 4CA4ED RYR50Q 6763 -0.5851400 39.5341200 4075.00 248.70 333.70 1280.00 0 0 0 0 2015/10/19 13:17:01.414
13:17:09.117 1
162 2819749 4CA4ED RYR50Q 6763 -0.5851400 39.5341200 4075.00 248.70 333.70 1280.00 0 0 0 0 2015/10/19 13:17:01.414
13:17:10.116 1
162 2819749 4CA4ED RYR50Q 6763 -0.5851400 39.5341200 4075.00 248.70 333.70 1280.00 0 0 0 0 2015/10/19 13:17:01.414
13:17:11.120 1
162 2819749 4CA4ED RYR50Q 6763 -0.5851400 39.5341200 4075.00 248.70 333.70 1280.00 0 0 0 0 2015/10/19 13:17:01.414
13:17:12.125 1
162 2819749 4CA4ED RYR50Q 6763 -0.5851400 39.5341200 4075.00 248.70 333.70 1280.00 0 0 0 0 2015/10/19 13:17:01.414
13:17:13.128 1
162 2819749 4CA4ED RYR50Q 6763 -0.5851400 39.5341200 4075.00 248.70 333.70 1280.00 0 0 0 0 2015/10/19 13:17:01.414
13:17:14.133 1
162 2819749 4CA4ED RYR50Q 6763 -0.5851400 39.5341200 4075.00 248.70 333.70 1280.00 0 0 0 0 2015/10/19 13:17:01.414
13:17:15.133 1
162 2819749 4CA4ED RYR50Q 6763 -0.5851400 39.5341200 4075.00 248.70 333.70 1280.00 0 0 0 0 2015/10/19 13:17:01.414
13:17:16.139 1
162 2819749 4CA4ED RYR50Q 6763 -0.5851400 39.5341200 4075.00 248.70 333.70 1280.00 0 0 0 0 2015/10/19 13:17:01.414
13:17:17.142 1
162 2819749 4CA4ED RYR50Q 6763 -0.5851400 39.5341200 4075.00 248.70 333.70 1280.00 0 0 0 0 2015/10/19 13:17:01.414
13:17:18.146 1
162 2819749 4CA4ED RYR50Q 6763 -0.5851400 39.5341200 4075.00 248.70 333.70 1280.00 0 0 0 0 2015/10/19 13:17:01.414
13:17:19.151 1
162 2819749 4CA4ED RYR50Q 6763 -0.5896600 39.5523600 4625.00 248.70 333.70 1280.00 0 0 0 0 2015/10/19 13:17:17.180
13:17:20.154 1
162 2819749 4CA4ED RYR50Q 6763 -0.5896600 39.5523600 4625.00 248.70 333.70 1280.00 0 0 0 0 2015/10/19 13:17:17.180
13:17:21.157 1
162 2819749 4CA4ED RYR50Q 6763 -0.5896600 39.5523600 4625.00 248.70 333.70 1280.00 0 0 0 0 2015/10/19 13:17:17.180
13:17:22.161 1
162 2819749 4CA4ED RYR50Q 6763 -0.5896600 39.5523600 4625.00 248.70 333.70 1280.00 0 0 0 0 2015/10/19 13:17:17.180
13:17:23.161 1
162 2819749 4CA4ED RYR50Q 6763 -0.5896600 39.5523600 4625.00 248.70 333.70 1280.00 0 0 0 0 2015/10/19 13:17:17.180
13:17:24.167 1
162 2819749 4CA4ED RYR50Q 6763 -0.5896600 39.5523600 4625.00 248.70 333.70 1280.00 0 0 0 0 2015/10/19 13:17:17.180
13:17:25.169 1
162 2819749 4CA4ED RYR50Q 6763 -0.5896600 39.5523600 4625.00 248.70 333.70 1280.00 0 0 0 0 2015/10/19 13:17:17.180
13:17:26.174 1
162 2819749 4CA4ED RYR50Q 6763 -0.5896600 39.5523600 4625.00 248.70 333.70 1280.00 0 0 0 0 2015/10/19 13:17:17.180
13:17:27.177 1
162 2819749 4CA4ED RYR50Q 6763 -0.5896600 39.5523600 4625.00 248.70 333.70 1280.00 0 0 0 0 2015/10/19 13:17:17.180
