19-Oct-2015
13:11:34.108 1
564 2812944 400F01 EZY58MD 2263 -0.6392800 39.0460600 18225.00 365.10 195.40 -2048.00 0 0 0 0 2015/10/19 13:11:32.937
13:11:35.109 1
564 2812944 400F01 EZY58MD 2263 -0.6401900 39.0434000 18225.00 365.10 195.40 -2048.00 0 0 0 0 2015/10/19 13:11:33.343
13:11:36.109 1
564 2812944 400F01 EZY58MD 2263 -0.6408100 39.0416400 18175.00 365.10 195.40 -2048.00 0 0 0 0 2015/10/19 13:11:34.562
13:11:37.116 1
564 2812944 400F01 EZY58MD 2263 -0.6413000 39.0402900 18150.00 365.10 195.40 -1984.00 0 0 0 0 2015/10/19 13:11:35.374
13:11:38.137 1
564 2812944 400F01 EZY58MD 2263 -0.6420400 39.0381800 18100.00 365.10 195.40 -2048.00 0 0 0 0 2015/10/19 13:11:36.796
13:11:39.249 1
564 2812944 400F01 EZY58MD 2263 -0.6428200 39.0361200 18075.00 364.20 195.40 -1984.00 0 0 0 0 2015/10/19 13:11:37.812
13:11:40.127 1
564 2812944 400F01 EZY58MD 2263 -0.6431900 39.0350800 18050.00 364.20 195.40 -1984.00 0 0 0 0 2015/10/19 13:11:38.421
13:11:41.127 1
564 2812944 400F01 EZY58MD 2263 -0.6436600 39.0336900 18025.00 364.20 195.40 -1984.00 0 0 0 0 2015/10/19 13:11:39.578
13:11:42.133 1
564 2812944 400F01 EZY58MD 2263 -0.6442900 39.0319600 17975.00 364.20 195.40 -2048.00 0 0 0 0 2015/10/19 13:11:40.453
13:11:43.135 1
564 2812944 400F01 EZY58MD 2263 -0.6448500 39.0301700 17950.00 364.20 195.40 -1984.00 0 0 0 0 2015/10/19 13:11:41.468
13:11:44.137 1
564 2812944 400F01 EZY58MD 2263 -0.6457500 39.0277900 17900.00 363.90 195.30 -1984.00 0 0 0 0 2015/10/19 13:11:42.890
13:11:45.140 1
564 2812944 400F01 EZY58MD 2263 -0.6463600 39.0260400 17875.00 363.90 195.30 -2048.00 0 0 0 0 2015/10/19 13:11:43.906
13:11:46.143 1
564 2812944 400F01 EZY58MD 2263 -0.6467900 39.0246500 17850.00 363.90 195.30 -1984.00 0 0 0 0 2015/10/19 13:11:44.921
13:11:47.147 1
564 2812944 400F01 EZY58MD 2263 -0.6473000 39.0233000 17800.00 363.90 195.30 -1984.00 0 0 0 0 2015/10/19 13:11:45.937
13:11:48.165 1
564 2812944 400F01 EZY58MD 2263 -0.6476400 39.0222700 17800.00 363.90 195.30 -2048.00 0 0 0 0 2015/10/19 13:11:46.546
13:11:49.151 1
564 2812944 400F01 EZY58MD 2263 -0.6483800 39.0201800 17750.00 363.90 195.30 -1984.00 0 0 0 0 2015/10/19 13:11:47.765
13:11:50.153 1
564 2812944 400F01 EZY58MD 2263 -0.6483100 39.0203700 17725.00 363.90 195.30 -1984.00 0 0 0 0 2015/10/19 13:11:48.578
13:11:51.184 1
564 2812944 400F01 EZY58MD 2263 -0.6494800 39.0170600 17700.00 363.90 195.30 -1984.00 0 0 0 0 2015/10/19 13:11:49.797
13:11:52.161 1
564 2812944 400F01 EZY58MD 2263 -0.6501000 39.0152900 17650.00 363.90 195.30 -1984.00 0 0 0 0 2015/10/19 13:11:50.812
13:11:53.163 1
564 2812944 400F01 EZY58MD 2263 -0.6507000 39.0136100 17625.00 355.20 195.70 -2048.00 0 0 0 0 2015/10/19 13:11:51.625
13:11:54.167 1
564 2812944 400F01 EZY58MD 2263 -0.6511800 39.0122200 17600.00 355.20 195.70 -2048.00 0 0 0 0 2015/10/19 13:11:52.640
13:11:55.186 1
564 2812944 400F01 EZY58MD 2263 -0.6516600 39.0108500 17575.00 355.20 195.70 -1984.00 0 0 0 0 2015/10/19 13:11:53.469
13:11:56.175 1
564 2812944 400F01 EZY58MD 2263 -0.6522800 39.0091000 17525.00 355.50 195.80 -1984.00 0 0 0 0 2015/10/19 13:11:54.484
13:11:57.184 1
564 2812944 400F01 EZY58MD 2263 -0.6524900 39.0086500 17500.00 355.20 195.70 -1920.00 0 0 0 0 2015/10/19 13:11:55.906
13:11:58.178 1
564 2812944 400F01 EZY58MD 2263 -0.6536300 39.0052800 17475.00 355.20 195.70 -1984.00 0 0 0 0 2015/10/19 13:11:56.922
13:11:59.181 1
564 2812944 400F01 EZY58MD 2263 -0.6542200 39.0035700 17425.00 355.20 195.70 -1984.00 0 0 0 0 2015/10/19 13:11:57.937
13:12:00.182 1
564 2812944 400F01 EZY58MD 2263 -0.6547200 39.0021600 17400.00 355.20 195.70 -1984.00 0 0 0 0 2015/10/19 13:11:58.750
13:12:01.185 1
564 2812944 400F01 EZY58MD 2263 -0.6553000 39.0005000 17375.00 354.30 195.70 -1984.00 0 0 0 0 2015/10/19 13:11:59.969
13:12:02.192 1
564 2812944 400F01 EZY58MD 2263 -0.6558400 38.9990400 17350.00 354.00 195.60 -1920.00 0 0 0 0 2015/10/19 13:12:00.781
13:12:03.195 1
564 2812944 400F01 EZY58MD 2263 -0.6563100 38.9976900 17300.00 354.00 195.60 -1984.00 0 0 0 0 2015/10/19 13:12:01.797
13:12:04.195 1
564 2812944 400F01 EZY58MD 2263 -0.6566700 38.9966600 17300.00 354.00 195.60 -1984.00 0 0 0 0 2015/10/19 13:12:02.406
13:12:05.201 1
564 2812944 400F01 EZY58MD 2263 -0.6574700 38.9943000 17250.00 354.00 195.60 -1984.00 0 0 0 0 2015/10/19 13:12:03.625
13:12:06.206 1
564 2812944 400F01 EZY58MD 2263 -0.6574500 38.9944600 17225.00 354.00 195.60 -1984.00 0 0 0 0 2015/10/19 13:12:04.641
13:12:07.207 1
564 2812944 400F01 EZY58MD 2263 -0.6585700 38.9911800 17175.00 354.00 195.60 -1984.00 0 0 0 0 2015/10/19 13:12:05.656
13:12:08.228 1
564 2812944 400F01 EZY58MD 2263 -0.6591800 38.9894300 17150.00 354.00 195.60 -1984.00 0 0 0 0 2015/10/19 13:12:06.875
13:12:09.215 1
564 2812944 400F01 EZY58MD 2263 -0.6597900 38.9877800 17125.00 354.00 195.60 -1984.00 0 0 0 0 2015/10/19 13:12:07.688
13:12:10.237 1
564 2812944 400F01 EZY58MD 2263 -0.6602500 38.9863100 17100.00 354.00 195.60 -1920.00 0 0 0 0 2015/10/19 13:12:08.703
13:12:11.225 1
564 2812944 400F01 EZY58MD 2263 -0.6608300 38.9846100 17050.00 353.70 195.40 -1920.00 0 0 0 0 2015/10/19 13:12:09.719
13:12:12.229 1
564 2812944 400F01 EZY58MD 2263 -0.6615600 38.9826100 17025.00 352.80 195.50 -1984.00 0 0 0 0 2015/10/19 13:12:10.735
13:12:13.229 1
564 2812944 400F01 EZY58MD 2263 -0.6613800 38.9831200 17000.00 352.80 195.50 -1984.00 0 0 0 0 2015/10/19 13:12:11.750
13:12:14.233 1
564 2812944 400F01 EZY58MD 2263 -0.6625200 38.9798100 16950.00 352.80 195.50 -1984.00 0 0 0 0 2015/10/19 13:12:12.766
13:12:15.237 1
564 2812944 400F01 EZY58MD 2263 -0.6631500 38.9781000 16925.00 352.80 195.50 -1984.00 0 0 0 0 2015/10/19 13:12:13.782
13:12:16.238 1
564 2812944 400F01 EZY58MD 2263 -0.6636000 38.9767500 16900.00 353.00 195.60 -1984.00 0 0 0 0 2015/10/19 13:12:14.797
13:12:17.242 1
564 2812944 400F01 EZY58MD 2263 -0.6644300 38.9742800 16850.00 353.00 195.60 -1984.00 0 0 0 0 2015/10/19 13:12:16.016
13:12:18.245 1
564 2812944 400F01 EZY58MD 2263 -0.6647900 38.9732700 16850.00 353.00 195.60 -1920.00 0 0 0 0 2015/10/19 13:12:16.625
13:12:19.250 1
564 2812944 400F01 EZY58MD 2263 -0.6651500 38.9722100 16800.00 353.00 195.60 -1920.00 0 0 0 0 2015/10/19 13:12:17.438
13:12:20.251 1
564 2812944 400F01 EZY58MD 2263 -0.6660200 38.9698600 16775.00 352.10 195.70 -1920.00 0 0 0 0 2015/10/19 13:12:18.860
13:12:21.257 1
564 2812944 400F01 EZY58MD 2263 -0.6665800 38.9680900 16725.00 352.10 195.70 -1984.00 0 0 0 0 2015/10/19 13:12:19.875
13:12:22.256 1
564 2812944 400F01 EZY58MD 2263 -0.6669300 38.9671600 16725.00 352.10 195.70 -1984.00 0 0 0 0 2015/10/19 13:12:20.485
13:12:23.264 1
564 2812944 400F01 EZY58MD 2263 -0.6676600 38.9650300 16675.00 352.10 195.70 -1984.00 0 0 0 0 2015/10/19 13:12:21.907
13:12:24.263 1
564 2812944 400F01 EZY58MD 2263 -0.6682700 38.9633400 16650.00 352.10 195.70 -2048.00 0 0 0 0 2015/10/19 13:12:22.719
13:12:25.264 1
564 2812944 400F01 EZY58MD 2263 -0.6687300 38.9619600 16600.00 352.10 195.70 -1984.00 0 0 0 0 2015/10/19 13:12:23.735
13:12:26.267 1
564 2812944 400F01 EZY58MD 2263 -0.6693100 38.9602700 16575.00 352.10 195.70 -1984.00 0 0 0 0 2015/10/19 13:12:24.954
13:12:27.273 1
564 2812944 400F01 EZY58MD 2263 -0.6699300 38.9585300 16550.00 351.10 195.70 -1920.00 0 0 0 0 2015/10/19 13:12:25.766
13:12:28.279 1
564 2812944 400F01 EZY58MD 2263 -0.6704000 38.9572000 16525.00 351.10 195.70 -1920.00 0 0 0 0 2015/10/19 13:12:26.782
13:12:29.317 1
564 2812944 400F01 EZY58MD 2263 -0.6704600 38.9570600 16475.00 351.10 195.70 -1984.00 0 0 0 0 2015/10/19 13:12:27.798
13:12:30.287 1
564 2812944 400F01 EZY58MD 2263 -0.6721200 38.9524000 16425.00 350.80 195.50 -1984.00 0 0 0 0 2015/10/19 13:12:29.626
13:12:31.294 1
564 2812944 400F01 EZY58MD 2263 -0.6721200 38.9524000 16425.00 350.80 195.50 -1984.00 0 0 0 0 2015/10/19 13:12:29.626
13:12:32.295 1
564 2812944 400F01 EZY58MD 2263 -0.6725500 38.9510700 16375.00 350.80 195.50 -1984.00 0 0 0 0 2015/10/19 13:12:30.641
13:12:33.300 1
564 2812944 400F01 EZY58MD 2263 -0.6731600 38.9493300 16350.00 350.80 195.50 -2048.00 0 0 0 0 2015/10/19 13:12:31.657
13:12:34.304 1
564 2812944 400F01 EZY58MD 2263 -0.6737500 38.9475900 16325.00 349.90 195.60 -1984.00 0 0 0 0 2015/10/19 13:12:32.673
13:12:35.313 1
564 2812944 400F01 EZY58MD 2263 -0.6741100 38.9465800 16300.00 349.90 195.60 -1984.00 0 0 0 0 2015/10/19 13:12:33.485
13:12:36.313 1
564 2812944 400F01 EZY58MD 2263 -0.6746800 38.9449000 16250.00 349.60 195.40 -1984.00 0 0 0 0 2015/10/19 13:12:34.501
13:12:37.315 1
564 2812944 400F01 EZY58MD 2263 -0.6754200 38.9428600 16225.00 349.60 195.40 -1984.00 0 0 0 0 2015/10/19 13:12:35.720
13:12:38.320 1
564 2812944 400F01 EZY58MD 2263 -0.6754800 38.9427600 16175.00 349.60 195.40 -1984.00 0 0 0 0 2015/10/19 13:12:36.938
13:12:39.356 1
564 2812944 400F01 EZY58MD 2263 -0.6766100 38.9394400 16150.00 348.60 195.50 -1984.00 0 0 0 0 2015/10/19 13:12:37.751
13:12:40.329 1
564 2812944 400F01 EZY58MD 2263 -0.6777300 38.9360600 16100.00 348.60 195.50 -1920.00 0 0 0 0 2015/10/19 13:12:39.985
13:12:41.336 1
564 2812944 400F01 EZY58MD 2263 -0.6777300 38.9360600 16100.00 348.60 195.50 -1920.00 0 0 0 0 2015/10/19 13:12:39.985
13:12:42.340 1
564 2812944 400F01 EZY58MD 2263 -0.6789600 38.9327100 16025.00 347.70 195.50 -1664.00 0 0 0 0 2015/10/19 13:12:42.017
13:12:43.341 1
564 2812944 400F01 EZY58MD 2263 -0.6789600 38.9327100 16025.00 347.70 195.50 -1664.00 0 0 0 0 2015/10/19 13:12:42.017
13:12:44.343 1
564 2812944 400F01 EZY58MD 2263 -0.6793800 38.9313600 16025.00 347.70 195.50 -1664.00 0 0 0 0 2015/10/19 13:12:42.829
13:12:45.345 1
564 2812944 400F01 EZY58MD 2263 -0.6796000 38.9306500 16000.00 347.70 195.50 -1664.00 0 0 0 0 2015/10/19 13:12:43.439
13:12:46.345 1
564 2812944 400F01 EZY58MD 2263 -0.6804800 38.9282400 15950.00 354.20 195.10 -1920.00 0 0 0 0 2015/10/19 13:12:44.860
13:12:47.349 1
564 2812944 400F01 EZY58MD 2263 -0.6810300 38.9266200 15925.00 354.20 195.10 -1920.00 0 0 0 0 2015/10/19 13:12:45.876
13:12:48.351 1
564 2812944 400F01 EZY58MD 2263 -0.6811500 38.9262100 15900.00 354.20 195.10 -2368.00 0 0 0 0 2015/10/19 13:12:46.486
13:12:49.358 1
564 2812944 400F01 EZY58MD 2263 -0.6818700 38.9241900 15850.00 354.20 195.10 -2368.00 0 0 0 0 2015/10/19 13:12:47.298
13:12:50.362 1
564 2812944 400F01 EZY58MD 2263 -0.6831200 38.9205300 15750.00 354.20 195.10 -2688.00 0 0 0 0 2015/10/19 13:12:49.939
13:12:51.366 1
564 2812944 400F01 EZY58MD 2263 -0.6837200 38.9188300 15675.00 354.20 195.10 -2880.00 0 0 0 0 2015/10/19 13:12:50.954
13:12:52.373 1
564 2812944 400F01 EZY58MD 2263 -0.6843200 38.9171000 15625.00 354.20 195.10 -3264.00 0 0 0 0 2015/10/19 13:12:51.970
13:12:53.375 1
564 2812944 400F01 EZY58MD 2263 -0.6842000 38.9173400 15575.00 354.20 195.10 -3264.00 0 0 0 0 2015/10/19 13:12:52.986
13:12:54.376 1
564 2812944 400F01 EZY58MD 2263 -0.6842000 38.9173400 15575.00 354.20 195.10 -3264.00 0 0 0 0 2015/10/19 13:12:52.986
13:12:55.379 1
564 2812944 400F01 EZY58MD 2263 -0.6853300 38.9140800 15525.00 347.70 195.50 -3392.00 0 0 0 0 2015/10/19 13:12:54.001
13:12:56.384 1
564 2812944 400F01 EZY58MD 2263 -0.6864100 38.9110100 15425.00 347.70 195.50 -3392.00 0 0 0 0 2015/10/19 13:12:55.829
13:12:57.387 1
564 2812944 400F01 EZY58MD 2263 -0.6868800 38.9096800 15375.00 348.60 195.50 -3392.00 0 0 0 0 2015/10/19 13:12:56.845
13:12:58.387 1
564 2812944 400F01 EZY58MD 2263 -0.6875000 38.9079400 15325.00 348.60 195.50 -3328.00 0 0 0 0 2015/10/19 13:12:57.658
13:12:59.387 1
564 2812944 400F01 EZY58MD 2263 -0.6881700 38.9059900 15250.00 348.60 195.50 -3264.00 0 0 0 0 2015/10/19 13:12:58.876
13:13:00.391 1
564 2812944 400F01 EZY58MD 2263 -0.6880800 38.9061600 15200.00 349.90 195.60 -3200.00 0 0 0 0 2015/10/19 13:12:59.892
13:13:01.393 1
564 2812944 400F01 EZY58MD 2263 -0.6892700 38.9028200 15175.00 349.90 195.60 -3072.00 0 0 0 0 2015/10/19 13:13:00.908
13:13:02.396 1
564 2812944 400F01 EZY58MD 2263 -0.6897000 38.9014700 15125.00 349.90 195.60 -2944.00 0 0 0 0 2015/10/19 13:13:01.720
13:13:03.399 1
564 2812944 400F01 EZY58MD 2263 -0.6901700 38.9001600 15075.00 349.90 195.60 -2816.00 0 0 0 0 2015/10/19 13:13:02.736
13:13:04.416 1
564 2812944 400F01 EZY58MD 2263 -0.6901700 38.9001600 15075.00 349.90 195.60 -2816.00 0 0 0 0 2015/10/19 13:13:02.736
13:13:05.407 1
564 2812944 400F01 EZY58MD 2263 -0.6915300 38.8964000 15000.00 349.90 195.60 -2496.00 0 0 0 0 2015/10/19 13:13:04.970
13:13:06.408 1
564 2812944 400F01 EZY58MD 2263 -0.6918900 38.8953700 14950.00 349.90 195.60 -2496.00 0 0 0 0 2015/10/19 13:13:05.783
13:13:07.409 1
564 2812944 400F01 EZY58MD 2263 -0.6925700 38.8933200 14925.00 349.90 195.60 -2496.00 0 0 0 0 2015/10/19 13:13:06.799
13:13:08.411 1
564 2812944 400F01 EZY58MD 2263 -0.6928100 38.8925800 14900.00 350.80 195.50 -2496.00 0 0 0 0 2015/10/19 13:13:07.205
13:13:09.419 1
564 2812944 400F01 EZY58MD 2263 -0.6933900 38.8909100 14850.00 350.80 195.50 -2496.00 0 0 0 0 2015/10/19 13:13:08.220
13:13:10.420 1
564 2812944 400F01 EZY58MD 2263 -0.6940900 38.8889000 14800.00 349.90 195.60 -2496.00 0 0 0 0 2015/10/19 13:13:09.642
13:13:11.419 1
564 2812944 400F01 EZY58MD 2263 -0.6945800 38.8874600 14775.00 349.90 195.60 -2496.00 0 0 0 0 2015/10/19 13:13:10.455
13:13:12.425 1
564 2812944 400F01 EZY58MD 2263 -0.6951800 38.8858300 14725.00 349.90 195.60 -2496.00 0 0 0 0 2015/10/19 13:13:11.471
13:13:13.429 1
564 2812944 400F01 EZY58MD 2263 -0.6956800 38.8844300 14675.00 349.90 195.60 -2496.00 0 0 0 0 2015/10/19 13:13:12.486
13:13:14.433 1
564 2812944 400F01 EZY58MD 2263 -0.6965000 38.8820300 14625.00 349.90 195.60 -2432.00 0 0 0 0 2015/10/19 13:13:13.908
13:13:15.438 1
564 2812944 400F01 EZY58MD 2263 -0.6970800 38.8803800 14600.00 349.90 195.60 -2368.00 0 0 0 0 2015/10/19 13:13:14.924
13:13:16.439 1
564 2812944 400F01 EZY58MD 2263 -0.6970300 38.8805700 14550.00 349.90 195.60 -2368.00 0 0 0 0 2015/10/19 13:13:15.939
13:13:17.440 1
564 2812944 400F01 EZY58MD 2263 -0.6980500 38.8776400 14525.00 348.90 195.60 -2240.00 0 0 0 0 2015/10/19 13:13:16.752
13:13:18.446 1
564 2812944 400F01 EZY58MD 2263 -0.6987700 38.8756300 14475.00 348.90 195.60 -2240.00 0 0 0 0 2015/10/19 13:13:17.768
13:13:19.451 1
564 2812944 400F01 EZY58MD 2263 -0.6991200 38.8745700 14450.00 348.90 195.60 -2176.00 0 0 0 0 2015/10/19 13:13:18.783
13:13:20.452 1
564 2812944 400F01 EZY58MD 2263 -0.6997100 38.8728900 14425.00 349.20 195.80 -2112.00 0 0 0 0 2015/10/19 13:13:19.799
13:13:21.455 1
564 2812944 400F01 EZY58MD 2263 -0.7004400 38.8708400 14375.00 348.20 195.80 -2048.00 0 0 0 0 2015/10/19 13:13:20.815
13:13:22.455 1
564 2812944 400F01 EZY58MD 2263 -0.7008100 38.8698200 14350.00 348.20 195.80 -2048.00 0 0 0 0 2015/10/19 13:13:21.830
13:13:23.459 1
564 2812944 400F01 EZY58MD 2263 -0.7013900 38.8681200 14325.00 348.20 195.80 -2048.00 0 0 0 0 2015/10/19 13:13:22.643
13:13:24.460 1
564 2812944 400F01 EZY58MD 2263 -0.7019700 38.8664600 14300.00 348.20 195.80 -2048.00 0 0 0 0 2015/10/19 13:13:23.658
13:13:25.467 1
564 2812944 400F01 EZY58MD 2263 -0.7019300 38.8666500 14250.00 354.90 195.50 -2048.00 0 0 0 0 2015/10/19 13:13:24.674
13:13:26.467 1
564 2812944 400F01 EZY58MD 2263 -0.7033100 38.8627400 14200.00 354.90 195.50 -2048.00 0 0 0 0 2015/10/19 13:13:25.893
13:13:27.469 1
564 2812944 400F01 EZY58MD 2263 -0.7035500 38.8620400 14200.00 354.70 195.40 -2112.00 0 0 0 0 2015/10/19 13:13:26.299
13:13:28.473 1
564 2812944 400F01 EZY58MD 2263 -0.7042600 38.8600200 14150.00 353.70 195.40 -2112.00 0 0 0 0 2015/10/19 13:13:27.924
13:13:29.477 1
564 2812944 400F01 EZY58MD 2263 -0.7048300 38.8583600 14100.00 353.70 195.40 -2112.00 0 0 0 0 2015/10/19 13:13:28.737
13:13:30.484 1
564 2812944 400F01 EZY58MD 2263 -0.7050800 38.8576600 14100.00 353.70 195.40 -2176.00 0 0 0 0 2015/10/19 13:13:29.158
13:13:31.491 1
564 2812944 400F01 EZY58MD 2263 -0.7060500 38.8549800 14025.00 353.70 195.40 -2240.00 0 0 0 0 2015/10/19 13:13:30.971
13:13:32.493 1
564 2812944 400F01 EZY58MD 2263 -0.7060500 38.8549200 14000.00 353.70 195.40 -2240.00 0 0 0 0 2015/10/19 13:13:31.987
13:13:33.530 1
564 2812944 400F01 EZY58MD 2263 -0.7072400 38.8516400 13950.00 352.80 195.50 -2240.00 0 0 0 0 2015/10/19 13:13:33.002
13:13:34.500 1
564 2812944 400F01 EZY58MD 2263 -0.7078200 38.8499800 13925.00 352.80 195.50 -2240.00 0 0 0 0 2015/10/19 13:13:34.018
13:13:35.505 1
564 2812944 400F01 EZY58MD 2263 -0.7078200 38.8499800 13925.00 352.80 195.50 -2240.00 0 0 0 0 2015/10/19 13:13:34.018
13:13:36.508 1
564 2812944 400F01 EZY58MD 2263 -0.7082600 38.8486200 13875.00 352.80 195.50 -2304.00 0 0 0 0 2015/10/19 13:13:35.159
13:13:37.509 1
564 2812944 400F01 EZY58MD 2263 -0.7088600 38.8469100 13850.00 352.80 195.50 -2304.00 0 0 0 0 2015/10/19 13:13:36.159
13:13:38.512 1
564 2812944 400F01 EZY58MD 2263 -0.7095900 38.8449600 13800.00 352.80 195.50 -2368.00 0 0 0 0 2015/10/19 13:13:37.268
13:13:39.547 1
564 2812944 400F01 EZY58MD 2263 -0.7100500 38.8435800 13775.00 351.80 195.50 -2368.00 0 0 0 0 2015/10/19 13:13:38.159
13:13:40.517 1
564 2812944 400F01 EZY58MD 2263 -0.7100500 38.8435800 13775.00 351.80 195.50 -2368.00 0 0 0 0 2015/10/19 13:13:38.159
13:13:41.519 1
564 2812944 400F01 EZY58MD 2263 -0.7113600 38.8399300 13675.00 351.50 195.30 -2368.00 0 0 0 0 2015/10/19 13:13:40.518
13:13:42.522 1
564 2812944 400F01 EZY58MD 2263 -0.7118400 38.8385500 13650.00 351.50 195.30 -2368.00 0 0 0 0 2015/10/19 13:13:41.331
13:13:43.557 1
564 2812944 400F01 EZY58MD 2263 -0.7124000 38.8368600 13600.00 351.50 195.30 -2368.00 0 0 0 0 2015/10/19 13:13:42.549
13:13:44.526 1
564 2812944 400F01 EZY58MD 2263 -0.7129800 38.8352100 13575.00 351.50 195.30 -2304.00 0 0 0 0 2015/10/19 13:13:43.565
13:13:45.538 1
564 2812944 400F01 EZY58MD 2263 -0.7135000 38.8338300 13525.00 350.60 195.40 -2304.00 0 0 0 0 2015/10/19 13:13:44.581
13:13:46.532 1
564 2812944 400F01 EZY58MD 2263 -0.7144200 38.8312200 13475.00 350.60 195.40 -2304.00 0 0 0 0 2015/10/19 13:13:46.003
13:13:47.533 1
564 2812944 400F01 EZY58MD 2263 -0.7144200 38.8312200 13475.00 350.60 195.40 -2240.00 0 0 0 0 2015/10/19 13:13:46.003
13:13:48.538 1
564 2812944 400F01 EZY58MD 2263 -0.7150300 38.8295500 13425.00 350.60 195.40 -2240.00 0 0 0 0 2015/10/19 13:13:47.221
13:13:49.540 1
564 2812944 400F01 EZY58MD 2263 -0.7156000 38.8278400 13400.00 350.60 195.40 -2240.00 0 0 0 0 2015/10/19 13:13:48.159
13:13:50.544 1
564 2812944 400F01 EZY58MD 2263 -0.7164300 38.8255400 13350.00 349.60 195.40 -2240.00 0 0 0 0 2015/10/19 13:13:49.659
13:13:51.547 1
564 2812944 400F01 EZY58MD 2263 -0.7166100 38.8248900 13325.00 349.60 195.40 -2240.00 0 0 0 0 2015/10/19 13:13:50.159
13:13:52.549 1
564 2812944 400F01 EZY58MD 2263 -0.7171000 38.8235300 13300.00 349.60 195.40 -2240.00 0 0 0 0 2015/10/19 13:13:51.159
13:13:53.551 1
564 2812944 400F01 EZY58MD 2263 -0.7177100 38.8218700 13250.00 349.60 195.40 -2240.00 0 0 0 0 2015/10/19 13:13:52.159
13:13:54.553 1
564 2812944 400F01 EZY58MD 2263 -0.7182900 38.8202400 13225.00 349.60 195.40 -2304.00 0 0 0 0 2015/10/19 13:13:53.253
13:13:55.557 1
564 2812944 400F01 EZY58MD 2263 -0.7192400 38.8175400 13150.00 348.60 195.50 -2368.00 0 0 0 0 2015/10/19 13:13:54.940
13:13:56.558 1
564 2812944 400F01 EZY58MD 2263 -0.7198400 38.8158400 13125.00 348.60 195.50 -2368.00 0 0 0 0 2015/10/19 13:13:55.956
13:13:57.560 1
564 2812944 400F01 EZY58MD 2263 -0.7198400 38.8158400 13125.00 348.60 195.50 -2432.00 0 0 0 0 2015/10/19 13:13:55.956
13:13:58.563 1
564 2812944 400F01 EZY58MD 2263 -0.7210100 38.8125600 13025.00 348.60 195.50 -2496.00 0 0 0 0 2015/10/19 13:13:57.987
13:13:59.567 1
564 2812944 400F01 EZY58MD 2263 -0.7215700 38.8109000 12975.00 348.60 195.50 -2496.00 0 0 0 0 2015/10/19 13:13:59.003
13:14:00.569 1
564 2812944 400F01 EZY58MD 2263 -0.7215700 38.8109000 12975.00 348.60 195.50 -2560.00 0 0 0 0 2015/10/19 13:13:59.003
13:14:01.576 1
564 2812944 400F01 EZY58MD 2263 -0.7220500 38.8095800 12925.00 348.60 195.50 -2560.00 0 0 0 0 2015/10/19 13:14:00.222
13:14:02.579 1
564 2812944 400F01 EZY58MD 2263 -0.7226500 38.8078800 12900.00 348.60 195.50 -2624.00 0 0 0 0 2015/10/19 13:14:01.159
13:14:03.583 1
564 2812944 400F01 EZY58MD 2263 -0.7236300 38.8049700 12825.00 348.60 195.50 -2624.00 0 0 0 0 2015/10/19 13:14:02.862
13:14:04.583 1
564 2812944 400F01 EZY58MD 2263 -0.7236300 38.8049700 12825.00 348.40 195.30 -2688.00 0 0 0 0 2015/10/19 13:14:02.862
13:14:05.589 1
564 2812944 400F01 EZY58MD 2263 -0.7236900 38.8048300 12775.00 348.40 195.30 -2688.00 0 0 0 0 2015/10/19 13:14:04.159
13:14:06.592 1
564 2812944 400F01 EZY58MD 2263 -0.7248000 38.8016100 12725.00 348.40 195.30 -2688.00 0 0 0 0 2015/10/19 13:14:05.175
13:14:07.598 1
564 2812944 400F01 EZY58MD 2263 -0.7257700 38.7989200 12650.00 348.40 195.30 -2624.00 0 0 0 0 2015/10/19 13:14:06.925
13:14:08.599 1
564 2812944 400F01 EZY58MD 2263 -0.7264400 38.7969100 12600.00 348.40 195.30 -2496.00 0 0 0 0 2015/10/19 13:14:07.941
13:14:09.601 1
564 2812944 400F01 EZY58MD 2263 -0.7270700 38.7953300 12575.00 348.60 195.50 -2240.00 0 0 0 0 2015/10/19 13:14:08.956
13:14:10.603 1
564 2812944 400F01 EZY58MD 2263 -0.7273700 38.7943300 12525.00 348.60 195.50 -2240.00 0 0 0 0 2015/10/19 13:14:09.972
13:14:11.605 1
564 2812944 400F01 EZY58MD 2263 -0.7279700 38.7926300 12500.00 347.70 195.50 -1984.00 0 0 0 0 2015/10/19 13:14:10.988
13:14:12.607 1
564 2812944 400F01 EZY58MD 2263 -0.7285600 38.7909900 12475.00 347.70 195.50 -1792.00 0 0 0 0 2015/10/19 13:14:11.800
13:14:13.627 1
564 2812944 400F01 EZY58MD 2263 -0.7290600 38.7896500 12450.00 347.70 195.50 -1792.00 0 0 0 0 2015/10/19 13:14:12.816
13:14:14.608 1
564 2812944 400F01 EZY58MD 2263 -0.7296400 38.7880100 12425.00 347.40 195.40 -1664.00 0 0 0 0 2015/10/19 13:14:13.831
13:14:15.609 1
564 2812944 400F01 EZY58MD 2263 -0.7300500 38.7867300 12400.00 338.70 195.80 -1600.00 0 0 0 0 2015/10/19 13:14:14.644
13:14:16.615 1
564 2812944 400F01 EZY58MD 2263 -0.7306500 38.7850300 12375.00 337.80 195.80 -1536.00 0 0 0 0 2015/10/19 13:14:15.863
13:14:17.616 1
564 2812944 400F01 EZY58MD 2263 -0.7311300 38.7837500 12350.00 337.80 195.80 -1536.00 0 0 0 0 2015/10/19 13:14:16.675
13:14:18.618 1
564 2812944 400F01 EZY58MD 2263 -0.7316900 38.7820600 12325.00 337.80 195.80 -1600.00 0 0 0 0 2015/10/19 13:14:17.691
13:14:19.653 1
564 2812944 400F01 EZY58MD 2263 -0.7323600 38.7802000 12300.00 336.80 195.90 -1600.00 0 0 0 0 2015/10/19 13:14:18.910
13:14:20.624 1
564 2812944 400F01 EZY58MD 2263 -0.7323200 38.7803600 12275.00 336.50 195.70 -1600.00 0 0 0 0 2015/10/19 13:14:19.925
13:14:21.626 1
564 2812944 400F01 EZY58MD 2263 -0.7334600 38.7771800 12250.00 335.60 195.70 -1664.00 0 0 0 0 2015/10/19 13:14:20.941
13:14:22.630 1
564 2812944 400F01 EZY58MD 2263 -0.7339900 38.7756000 12225.00 335.60 195.70 -1664.00 0 0 0 0 2015/10/19 13:14:21.957
13:14:23.633 1
564 2812944 400F01 EZY58MD 2263 -0.7345900 38.7739600 12175.00 335.60 195.70 -1664.00 0 0 0 0 2015/10/19 13:14:22.972
13:14:24.633 1
564 2812944 400F01 EZY58MD 2263 -0.7350100 38.7726700 12150.00 334.30 195.60 -1920.00 0 0 0 0 2015/10/19 13:14:23.988
13:14:25.634 1
564 2812944 400F01 EZY58MD 2263 -0.7356000 38.7709800 12125.00 333.40 195.70 -2112.00 0 0 0 0 2015/10/19 13:14:25.004
13:14:26.635 1
564 2812944 400F01 EZY58MD 2263 -0.7361500 38.7693600 12075.00 333.40 195.70 -2176.00 0 0 0 0 2015/10/19 13:14:26.019
13:14:27.640 1
564 2812944 400F01 EZY58MD 2263 -0.7361500 38.7693600 12075.00 333.40 195.70 -2176.00 0 0 0 0 2015/10/19 13:14:26.019
13:14:28.644 1
564 2812944 400F01 EZY58MD 2263 -0.7366800 38.7677800 12050.00 333.10 195.50 -2240.00 0 0 0 0 2015/10/19 13:14:27.160
13:14:29.650 1
564 2812944 400F01 EZY58MD 2263 -0.7371600 38.7664500 12000.00 333.10 195.50 -2304.00 0 0 0 0 2015/10/19 13:14:28.160
13:14:30.650 1
564 2812944 400F01 EZY58MD 2263 -0.7381700 38.7635200 11925.00 333.10 195.50 -2496.00 0 0 0 0 2015/10/19 13:14:29.879
13:14:31.653 1
564 2812944 400F01 EZY58MD 2263 -0.7387100 38.7619500 11900.00 333.10 195.50 -2496.00 0 0 0 0 2015/10/19 13:14:30.894
13:14:32.654 1
564 2812944 400F01 EZY58MD 2263 -0.7392000 38.7606500 11850.00 333.10 195.50 -2624.00 0 0 0 0 2015/10/19 13:14:31.707
13:14:33.657 1
564 2812944 400F01 EZY58MD 2263 -0.7396700 38.7593100 11825.00 333.10 195.50 -2624.00 0 0 0 0 2015/10/19 13:14:32.723
13:14:34.657 1
564 2812944 400F01 EZY58MD 2263 -0.7403200 38.7573900 11775.00 333.10 195.50 -2688.00 0 0 0 0 2015/10/19 13:14:33.738
13:14:35.658 1
564 2812944 400F01 EZY58MD 2263 -0.7407400 38.7561000 11725.00 333.10 195.50 -2752.00 0 0 0 0 2015/10/19 13:14:34.754
13:14:36.663 1
564 2812944 400F01 EZY58MD 2263 -0.7407200 38.7562700 11675.00 333.10 195.50 -2752.00 0 0 0 0 2015/10/19 13:14:35.566
13:14:37.668 1
564 2812944 400F01 EZY58MD 2263 -0.7417600 38.7531700 11625.00 333.40 195.70 -2816.00 0 0 0 0 2015/10/19 13:14:36.582
13:14:38.672 1
564 2812944 400F01 EZY58MD 2263 -0.7423700 38.7515300 11575.00 333.40 195.70 -2816.00 0 0 0 0 2015/10/19 13:14:37.598
13:14:39.674 1
564 2812944 400F01 EZY58MD 2263 -0.7427700 38.7502400 11550.00 333.40 195.70 -2688.00 0 0 0 0 2015/10/19 13:14:38.613
13:14:40.679 1
564 2812944 400F01 EZY58MD 2263 -0.7433500 38.7485900 11500.00 333.40 195.70 -2688.00 0 0 0 0 2015/10/19 13:14:39.629
13:14:41.680 1
564 2812944 400F01 EZY58MD 2263 -0.7439700 38.7469500 11475.00 333.40 195.70 -2496.00 0 0 0 0 2015/10/19 13:14:40.645
13:14:42.682 1
564 2812944 400F01 EZY58MD 2263 -0.7442600 38.7459900 11450.00 333.40 195.70 -2240.00 0 0 0 0 2015/10/19 13:14:41.457
13:14:43.685 1
564 2812944 400F01 EZY58MD 2263 -0.7450600 38.7437100 11400.00 333.40 195.70 -1792.00 0 0 0 0 2015/10/19 13:14:42.879
13:14:44.688 1
564 2812944 400F01 EZY58MD 2263 -0.7454000 38.7427400 11375.00 332.40 195.70 -1664.00 0 0 0 0 2015/10/19 13:14:43.489
13:14:45.689 1
564 2812944 400F01 EZY58MD 2263 -0.7459700 38.7411400 11375.00 332.40 195.70 -1664.00 0 0 0 0 2015/10/19 13:14:44.504
13:14:46.692 1
564 2812944 400F01 EZY58MD 2263 -0.7466500 38.7391700 11325.00 331.50 195.80 -1472.00 0 0 0 0 2015/10/19 13:14:45.926
13:14:47.695 1
564 2812944 400F01 EZY58MD 2263 -0.7472500 38.7375600 11300.00 331.50 195.80 -1472.00 0 0 0 0 2015/10/19 13:14:46.739
13:14:48.696 1
564 2812944 400F01 EZY58MD 2263 -0.7474400 38.7369100 11300.00 338.20 195.40 -1408.00 0 0 0 0 2015/10/19 13:14:47.348
13:14:49.702 1
564 2812944 400F01 EZY58MD 2263 -0.7482300 38.7346700 11275.00 338.20 195.40 -1408.00 0 0 0 0 2015/10/19 13:14:48.770
13:14:50.704 1
564 2812944 400F01 EZY58MD 2263 -0.7484700 38.7340200 11250.00 338.20 195.40 -1344.00 0 0 0 0 2015/10/19 13:14:49.254
13:14:51.706 1
564 2812944 400F01 EZY58MD 2263 -0.7493900 38.7315100 11225.00 337.20 195.50 -1280.00 0 0 0 0 2015/10/19 13:14:50.801
13:14:52.709 1
564 2812944 400F01 EZY58MD 2263 -0.7493400 38.7316600 11200.00 337.20 195.50 -1216.00 0 0 0 0 2015/10/19 13:14:51.817
13:14:53.716 1
564 2812944 400F01 EZY58MD 2263 -0.7504300 38.7285800 11175.00 336.30 195.50 -1216.00 0 0 0 0 2015/10/19 13:14:52.832
13:14:54.715 1
564 2812944 400F01 EZY58MD 2263 -0.7509500 38.7269900 11175.00 335.30 195.60 -1216.00 0 0 0 0 2015/10/19 13:14:53.848
13:14:55.717 1
564 2812944 400F01 EZY58MD 2263 -0.7514000 38.7256900 11150.00 335.30 195.60 -1216.00 0 0 0 0 2015/10/19 13:14:54.864
13:14:56.722 1
564 2812944 400F01 EZY58MD 2263 -0.7516500 38.7250800 11150.00 334.10 195.50 -1216.00 0 0 0 0 2015/10/19 13:14:55.270
13:14:57.721 1
564 2812944 400F01 EZY58MD 2263 -0.7522100 38.7235100 11125.00 333.10 195.50 -1152.00 0 0 0 0 2015/10/19 13:14:56.286
13:14:58.724 1
564 2812944 400F01 EZY58MD 2263 -0.7528700 38.7215900 11100.00 333.10 195.50 -1152.00 0 0 0 0 2015/10/19 13:14:57.708
13:14:59.732 1
564 2812944 400F01 EZY58MD 2263 -0.7535400 38.7196800 11075.00 331.90 195.40 -1152.00 0 0 0 0 2015/10/19 13:14:58.926
13:15:00.732 1
564 2812944 400F01 EZY58MD 2263 -0.7541200 38.7181100 11050.00 331.90 195.40 -1152.00 0 0 0 0 2015/10/19 13:14:59.942
13:15:01.733 1
564 2812944 400F01 EZY58MD 2263 -0.7544700 38.7171500 11050.00 330.90 195.40 -1152.00 0 0 0 0 2015/10/19 13:15:00.755
13:15:02.736 1
564 2812944 400F01 EZY58MD 2263 -0.7550000 38.7156300 11025.00 330.90 195.40 -1152.00 0 0 0 0 2015/10/19 13:15:01.770
13:15:03.738 1
564 2812944 400F01 EZY58MD 2263 -0.7555500 38.7140400 11000.00 322.00 195.70 -1088.00 0 0 0 0 2015/10/19 13:15:02.583
13:15:04.743 1
564 2812944 400F01 EZY58MD 2263 -0.7562300 38.7121400 10975.00 322.00 195.70 -1088.00 0 0 0 0 2015/10/19 13:15:04.005
13:15:05.748 1
564 2812944 400F01 EZY58MD 2263 -0.7566500 38.7109300 10975.00 321.00 195.70 -1024.00 0 0 0 0 2015/10/19 13:15:05.020
13:15:06.748 1
564 2812944 400F01 EZY58MD 2263 -0.7570800 38.7096300 10950.00 319.80 195.60 -1024.00 0 0 0 0 2015/10/19 13:15:05.630
13:15:07.747 1
564 2812944 400F01 EZY58MD 2263 -0.7576900 38.7078100 10950.00 318.80 195.60 -896.00 0 0 0 0 2015/10/19 13:15:06.848
13:15:08.752 1
564 2812944 400F01 EZY58MD 2263 -0.7576400 38.7079900 10925.00 318.80 195.60 -896.00 0 0 0 0 2015/10/19 13:15:07.864
13:15:09.758 1
564 2812944 400F01 EZY58MD 2263 -0.7586700 38.7049700 10900.00 316.90 195.70 -896.00 0 0 0 0 2015/10/19 13:15:08.880
13:15:10.760 1
564 2812944 400F01 EZY58MD 2263 -0.7590900 38.7037600 10900.00 316.90 195.70 -896.00 0 0 0 0 2015/10/19 13:15:09.692
13:15:11.762 1
564 2812944 400F01 EZY58MD 2263 -0.7595500 38.7025500 10900.00 315.70 195.60 -832.00 0 0 0 0 2015/10/19 13:15:10.708
13:15:12.763 1
564 2812944 400F01 EZY58MD 2263 -0.7600700 38.7010200 10875.00 315.70 195.60 -832.00 0 0 0 0 2015/10/19 13:15:11.724
13:15:13.766 1
564 2812944 400F01 EZY58MD 2263 -0.7606200 38.6994300 10875.00 314.70 195.70 -768.00 0 0 0 0 2015/10/19 13:15:12.536
13:15:14.770 1
564 2812944 400F01 EZY58MD 2263 -0.7612900 38.6976200 10850.00 314.70 195.70 -768.00 0 0 0 0 2015/10/19 13:15:13.958
13:15:15.770 1
564 2812944 400F01 EZY58MD 2263 -0.7616600 38.6964100 10825.00 320.20 195.20 -768.00 0 0 0 0 2015/10/19 13:15:14.974
13:15:16.771 1
564 2812944 400F01 EZY58MD 2263 -0.7622400 38.6948500 10825.00 319.20 195.30 -768.00 0 0 0 0 2015/10/19 13:15:15.786
13:15:17.778 1
564 2812944 400F01 EZY58MD 2263 -0.7625300 38.6939400 10825.00 319.20 195.30 -768.00 0 0 0 0 2015/10/19 13:15:16.802
13:15:18.781 1
564 2812944 400F01 EZY58MD 2263 -0.7631900 38.6921500 10800.00 318.30 195.30 -704.00 0 0 0 0 2015/10/19 13:15:17.818
13:15:19.783 1
564 2812944 400F01 EZY58MD 2263 -0.7636100 38.6909600 10800.00 318.30 195.30 -704.00 0 0 0 0 2015/10/19 13:15:18.630
13:15:20.783 1
564 2812944 400F01 EZY58MD 2263 -0.7641000 38.6894700 10775.00 316.40 195.40 -704.00 0 0 0 0 2015/10/19 13:15:19.646
13:15:21.788 1
564 2812944 400F01 EZY58MD 2263 -0.7645600 38.6882200 10775.00 316.40 195.40 -704.00 0 0 0 0 2015/10/19 13:15:20.661
13:15:22.792 1
564 2812944 400F01 EZY58MD 2263 -0.7647400 38.6876200 10750.00 315.10 195.30 -768.00 0 0 0 0 2015/10/19 13:15:21.161
13:15:23.796 1
564 2812944 400F01 EZY58MD 2263 -0.7655800 38.6852400 10750.00 315.10 195.30 -768.00 0 0 0 0 2015/10/19 13:15:22.693
13:15:24.797 1
564 2812944 400F01 EZY58MD 2263 -0.7658800 38.6843700 10725.00 314.20 195.30 -768.00 0 0 0 0 2015/10/19 13:15:23.505
13:15:25.798 1
564 2812944 400F01 EZY58MD 2263 -0.7667100 38.6819900 10725.00 305.50 195.80 -768.00 0 0 0 0 2015/10/19 13:15:24.927
13:15:26.799 1
564 2812944 400F01 EZY58MD 2263 -0.7671300 38.6808000 10700.00 304.50 195.80 -768.00 0 0 0 0 2015/10/19 13:15:25.943
13:15:27.806 1
564 2812944 400F01 EZY58MD 2263 -0.7675800 38.6796000 10700.00 304.50 195.80 -704.00 0 0 0 0 2015/10/19 13:15:26.755
13:15:28.807 1
564 2812944 400F01 EZY58MD 2263 -0.7680900 38.6781500 10675.00 303.30 195.70 -704.00 0 0 0 0 2015/10/19 13:15:27.974
13:15:29.810 1
564 2812944 400F01 EZY58MD 2263 -0.7686800 38.6763600 10675.00 301.40 195.80 -704.00 0 0 0 0 2015/10/19 13:15:28.990
13:15:30.814 1
564 2812944 400F01 EZY58MD 2263 -0.7689800 38.6754900 10675.00 301.40 195.80 -704.00 0 0 0 0 2015/10/19 13:15:30.005
13:15:31.815 1
564 2812944 400F01 EZY58MD 2263 -0.7695300 38.6740200 10650.00 300.40 195.80 -768.00 0 0 0 0 2015/10/19 13:15:31.021
13:15:32.849 1
564 2812944 400F01 EZY58MD 2263 -0.7700600 38.6725200 10650.00 300.40 195.80 -768.00 0 0 0 0 2015/10/19 13:15:31.833
13:15:33.822 1
564 2812944 400F01 EZY58MD 2263 -0.7704500 38.6713600 10625.00 299.40 195.90 -768.00 0 0 0 0 2015/10/19 13:15:32.849
13:15:34.824 1
564 2812944 400F01 EZY58MD 2263 -0.7706900 38.6708000 10625.00 298.20 195.80 -768.00 0 0 0 0 2015/10/19 13:15:33.459
13:15:35.829 1
564 2812944 400F01 EZY58MD 2263 -0.7714800 38.6684800 10600.00 298.20 195.80 -768.00 0 0 0 0 2015/10/19 13:15:34.880
13:15:36.833 1
564 2812944 400F01 EZY58MD 2263 -0.7719100 38.6673000 10600.00 305.00 195.40 -768.00 0 0 0 0 2015/10/19 13:15:35.896
13:15:37.833 1
564 2812944 400F01 EZY58MD 2263 -0.7722700 38.6661500 10575.00 304.00 195.50 -768.00 0 0 0 0 2015/10/19 13:15:36.709
13:15:38.835 1
564 2812944 400F01 EZY58MD 2263 -0.7728300 38.6647100 10575.00 302.80 195.30 -768.00 0 0 0 0 2015/10/19 13:15:37.724
13:15:39.839 1
564 2812944 400F01 EZY58MD 2263 -0.7731900 38.6635900 10550.00 302.80 195.30 -768.00 0 0 0 0 2015/10/19 13:15:38.537
13:15:40.842 1
564 2812944 400F01 EZY58MD 2263 -0.7731900 38.6635900 10550.00 301.80 195.40 -768.00 0 0 0 0 2015/10/19 13:15:38.537
13:15:41.861 1
564 2812944 400F01 EZY58MD 2263 -0.7734400 38.6629400 10525.00 300.80 195.40 -832.00 0 0 0 0 2015/10/19 13:15:40.162
13:15:42.846 1
564 2812944 400F01 EZY58MD 2263 -0.7747700 38.6590100 10500.00 299.90 195.50 -768.00 0 0 0 0 2015/10/19 13:15:41.990
13:15:43.881 1
564 2812944 400F01 EZY58MD 2263 -0.7752100 38.6578200 10500.00 299.90 195.50 -768.00 0 0 0 0 2015/10/19 13:15:43.006
13:15:44.851 1
564 2812944 400F01 EZY58MD 2263 -0.7756700 38.6564500 10475.00 298.90 195.50 -768.00 0 0 0 0 2015/10/19 13:15:43.818
13:15:45.855 1
564 2812944 400F01 EZY58MD 2263 -0.7761800 38.6550200 10475.00 297.70 195.40 -768.00 0 0 0 0 2015/10/19 13:15:44.834
13:15:46.864 1
564 2812944 400F01 EZY58MD 2263 -0.7764900 38.6541900 10450.00 297.70 195.40 -768.00 0 0 0 0 2015/10/19 13:15:45.849
13:15:47.867 1
564 2812944 400F01 EZY58MD 2263 -0.7771000 38.6524600 10450.00 289.00 195.90 -768.00 0 0 0 0 2015/10/19 13:15:46.865
13:15:48.865 1
564 2812944 400F01 EZY58MD 2263 -0.7774700 38.6513500 10425.00 288.00 195.90 -768.00 0 0 0 0 2015/10/19 13:15:47.678
13:15:49.866 1
564 2812944 400F01 EZY58MD 2263 -0.7774700 38.6513500 10425.00 288.00 195.90 -768.00 0 0 0 0 2015/10/19 13:15:47.678
13:15:50.865 1
564 2812944 400F01 EZY58MD 2263 -0.7774700 38.6513500 10425.00 288.00 195.90 -768.00 0 0 0 0 2015/10/19 13:15:47.678
13:15:51.870 1
564 2812944 400F01 EZY58MD 2263 -0.7774700 38.6513500 10425.00 288.00 195.90 -768.00 0 0 0 0 2015/10/19 13:15:47.678
13:15:52.873 1
564 2812944 400F01 EZY58MD 2263 -0.7774700 38.6513500 10425.00 288.00 195.90 -768.00 0 0 0 0 2015/10/19 13:15:47.678
13:15:53.879 1
564 2812944 400F01 EZY58MD 2263 -0.7798500 38.6446400 10375.00 285.80 195.80 -768.00 0 0 0 0 2015/10/19 13:15:52.756
13:15:54.884 1
564 2812944 400F01 EZY58MD 2263 -0.7803900 38.6432600 10350.00 283.90 195.90 -768.00 0 0 0 0 2015/10/19 13:15:53.772
13:15:55.903 1
564 2812944 400F01 EZY58MD 2263 -0.7805700 38.6426700 10350.00 283.90 195.90 -768.00 0 0 0 0 2015/10/19 13:15:54.178
13:15:56.889 1
564 2812944 400F01 EZY58MD 2263 -0.7808800 38.6418000 10325.00 283.70 195.80 -768.00 0 0 0 0 2015/10/19 13:15:56.006
13:15:57.897 1
564 2812944 400F01 EZY58MD 2263 -0.7817400 38.6393300 10325.00 282.70 195.80 -768.00 0 0 0 0 2015/10/19 13:15:57.022
13:15:58.902 1
564 2812944 400F01 EZY58MD 2263 -0.7821800 38.6380000 10300.00 282.70 195.80 -832.00 0 0 0 0 2015/10/19 13:15:57.834
13:15:59.906 1
564 2812944 400F01 EZY58MD 2263 -0.7821800 38.6380000 10300.00 281.50 195.70 -832.00 0 0 0 0 2015/10/19 13:15:57.834
13:16:00.910 1
564 2812944 400F01 EZY58MD 2263 -0.7831400 38.6352400 10275.00 281.50 195.70 -832.00 0 0 0 0 2015/10/19 13:15:59.865
13:16:01.914 1
564 2812944 400F01 EZY58MD 2263 -0.7833300 38.6347300 10275.00 288.20 195.30 -896.00 0 0 0 0 2015/10/19 13:16:00.475
13:16:02.920 1
564 2812944 400F01 EZY58MD 2263 -0.7839100 38.6330600 10250.00 288.20 195.30 -896.00 0 0 0 0 2015/10/19 13:16:01.897
13:16:03.919 1
564 2812944 400F01 EZY58MD 2263 -0.7843600 38.6317000 10225.00 287.00 195.20 -960.00 0 0 0 0 2015/10/19 13:16:02.912
13:16:04.922 1
564 2812944 400F01 EZY58MD 2263 -0.7848700 38.6303100 10225.00 287.00 195.20 -960.00 0 0 0 0 2015/10/19 13:16:03.725
13:16:05.927 1
564 2812944 400F01 EZY58MD 2263 -0.7848700 38.6303100 10225.00 286.00 195.20 -1024.00 0 0 0 0 2015/10/19 13:16:03.725
13:16:06.928 1
564 2812944 400F01 EZY58MD 2263 -0.7857000 38.6278400 10175.00 286.00 195.20 -1024.00 0 0 0 0 2015/10/19 13:16:05.959
13:16:07.932 1
564 2812944 400F01 EZY58MD 2263 -0.7860100 38.6270500 10175.00 285.00 195.30 -1088.00 0 0 0 0 2015/10/19 13:16:06.569
13:16:08.937 1
564 2812944 400F01 EZY58MD 2263 -0.7864800 38.6257300 10150.00 285.00 195.30 -1088.00 0 0 0 0 2015/10/19 13:16:07.584
13:16:09.943 1
564 2812944 400F01 EZY58MD 2263 -0.7864800 38.6257300 10150.00 284.10 195.30 -1152.00 0 0 0 0 2015/10/19 13:16:07.584
13:16:10.947 1
564 2812944 400F01 EZY58MD 2263 -0.7873100 38.6232600 10125.00 284.10 195.30 -1152.00 0 0 0 0 2015/10/19 13:16:09.413
13:16:11.948 1
564 2812944 400F01 EZY58MD 2263 -0.7876700 38.6221600 10100.00 283.80 195.10 -1216.00 0 0 0 0 2015/10/19 13:16:10.225
13:16:12.949 1
564 2812944 400F01 EZY58MD 2263 -0.7877800 38.6218300 10075.00 282.90 195.20 -1280.00 0 0 0 0 2015/10/19 13:16:11.850
13:16:13.948 1
564 2812944 400F01 EZY58MD 2263 -0.7888200 38.6189500 10050.00 282.90 195.20 -1216.00 0 0 0 0 2015/10/19 13:16:12.866
13:16:14.951 1
564 2812944 400F01 EZY58MD 2263 -0.7891000 38.6181300 10025.00 282.90 195.20 -1216.00 0 0 0 0 2015/10/19 13:16:13.475
13:16:15.955 1
564 2812944 400F01 EZY58MD 2263 -0.7894300 38.6170400 10025.00 281.90 195.20 -1024.00 0 0 0 0 2015/10/19 13:16:14.491
13:16:16.956 1
564 2812944 400F01 EZY58MD 2263 -0.7901200 38.6152000 10000.00 281.90 195.20 -1024.00 0 0 0 0 2015/10/19 13:16:15.913
13:16:17.962 1
564 2812944 400F01 EZY58MD 2263 -0.7904800 38.6141100 9975.00 280.90 195.30 -832.00 0 0 0 0 2015/10/19 13:16:16.725
13:16:19.011 1
564 2812944 400F01 EZY58MD 2263 -0.7908300 38.6130300 9975.00 280.90 195.30 -832.00 0 0 0 0 2015/10/19 13:16:17.741
13:16:19.964 1
564 2812944 400F01 EZY58MD 2263 -0.7913100 38.6116800 9950.00 272.20 195.80 -768.00 0 0 0 0 2015/10/19 13:16:18.553
13:16:20.967 1
564 2812944 400F01 EZY58MD 2263 -0.7917500 38.6103800 9950.00 272.20 195.80 -768.00 0 0 0 0 2015/10/19 13:16:19.569
13:16:21.969 1
564 2812944 400F01 EZY58MD 2263 -0.7917500 38.6103800 9950.00 272.20 195.80 -768.00 0 0 0 0 2015/10/19 13:16:19.569
13:16:22.971 1
564 2812944 400F01 EZY58MD 2263 -0.7925100 38.6082500 9925.00 271.00 195.60 -704.00 0 0 0 0 2015/10/19 13:16:21.600
13:16:23.976 1
564 2812944 400F01 EZY58MD 2263 -0.7925100 38.6082500 9925.00 271.00 195.60 -704.00 0 0 0 0 2015/10/19 13:16:21.600
13:16:24.978 1
564 2812944 400F01 EZY58MD 2263 -0.7925100 38.6082500 9925.00 271.00 195.60 -704.00 0 0 0 0 2015/10/19 13:16:21.600
13:16:25.983 1
564 2812944 400F01 EZY58MD 2263 -0.7938200 38.6045100 9900.00 269.10 195.70 -704.00 0 0 0 0 2015/10/19 13:16:24.647
13:16:26.983 1
564 2812944 400F01 EZY58MD 2263 -0.7942400 38.6032600 9875.00 268.10 195.80 -704.00 0 0 0 0 2015/10/19 13:16:25.460
13:16:27.985 1
564 2812944 400F01 EZY58MD 2263 -0.7947400 38.6019100 9875.00 268.10 195.80 -704.00 0 0 0 0 2015/10/19 13:16:26.476
13:16:28.989 1
564 2812944 400F01 EZY58MD 2263 -0.7947400 38.6019100 9875.00 268.10 195.80 -704.00 0 0 0 0 2015/10/19 13:16:26.476
13:16:29.993 1
564 2812944 400F01 EZY58MD 2263 -0.7955300 38.5995300 9850.00 266.90 195.70 -704.00 0 0 0 0 2015/10/19 13:16:28.507
13:16:30.995 1
564 2812944 400F01 EZY58MD 2263 -0.7959000 38.5985100 9825.00 266.90 195.70 -704.00 0 0 0 0 2015/10/19 13:16:29.163
13:16:31.998 1
564 2812944 400F01 EZY58MD 2263 -0.7962700 38.5974400 9825.00 265.90 195.70 -704.00 0 0 0 0 2015/10/19 13:16:30.335
13:16:33.004 1
564 2812944 400F01 EZY58MD 2263 -0.7969900 38.5953800 9800.00 265.70 195.50 -704.00 0 0 0 0 2015/10/19 13:16:31.757
13:16:34.010 1
564 2812944 400F01 EZY58MD 2263 -0.7971700 38.5948800 9800.00 264.70 195.60 -704.00 0 0 0 0 2015/10/19 13:16:32.366
13:16:35.011 1
564 2812944 400F01 EZY58MD 2263 -0.7971700 38.5948800 9800.00 264.70 195.60 -704.00 0 0 0 0 2015/10/19 13:16:32.366
13:16:36.017 1
564 2812944 400F01 EZY58MD 2263 -0.7982200 38.5917600 9775.00 271.40 195.20 -704.00 0 0 0 0 2015/10/19 13:16:34.804
13:16:37.015 1
564 2812944 400F01 EZY58MD 2263 -0.7984000 38.5912500 9775.00 271.20 195.00 -704.00 0 0 0 0 2015/10/19 13:16:35.210
13:16:38.019 1
564 2812944 400F01 EZY58MD 2263 -0.7987700 38.5902200 9750.00 271.20 195.00 -704.00 0 0 0 0 2015/10/19 13:16:36.226
13:16:39.021 1
564 2812944 400F01 EZY58MD 2263 -0.7990800 38.5892000 9750.00 269.30 195.10 -704.00 0 0 0 0 2015/10/19 13:16:37.163
13:16:40.024 1
564 2812944 400F01 EZY58MD 2263 -0.7994300 38.5881500 9725.00 269.30 195.10 -704.00 0 0 0 0 2015/10/19 13:16:38.163
13:16:41.028 1
564 2812944 400F01 EZY58MD 2263 -0.8002700 38.5858600 9725.00 269.30 195.10 -704.00 0 0 0 0 2015/10/19 13:16:39.882
13:16:42.033 1
564 2812944 400F01 EZY58MD 2263 -0.8002700 38.5858600 9725.00 269.30 195.10 -704.00 0 0 0 0 2015/10/19 13:16:39.882
13:16:43.038 1
564 2812944 400F01 EZY58MD 2263 -0.8002700 38.5858600 9725.00 267.30 195.20 -640.00 0 0 0 0 2015/10/19 13:16:39.882
13:16:44.043 1
564 2812944 400F01 EZY58MD 2263 -0.8015700 38.5820800 9675.00 266.40 195.20 -640.00 0 0 0 0 2015/10/19 13:16:42.929
13:16:45.045 1
564 2812944 400F01 EZY58MD 2263 -0.8015200 38.5822400 9675.00 266.40 195.20 -640.00 0 0 0 0 2015/10/19 13:16:43.945
13:16:46.050 1
564 2812944 400F01 EZY58MD 2263 -0.8023700 38.5797500 9675.00 266.40 195.20 -640.00 0 0 0 0 2015/10/19 13:16:44.960
13:16:47.052 1
564 2812944 400F01 EZY58MD 2263 -0.8023700 38.5797500 9675.00 266.40 195.20 -640.00 0 0 0 0 2015/10/19 13:16:44.960
13:16:48.102 1
564 2812944 400F01 EZY58MD 2263 -0.8031600 38.5775100 9650.00 255.50 195.70 -576.00 0 0 0 0 2015/10/19 13:16:46.992
13:16:49.057 1
564 2812944 400F01 EZY58MD 2263 -0.8034300 38.5767500 9650.00 255.50 195.70 -512.00 0 0 0 0 2015/10/19 13:16:47.398
13:16:50.063 1
564 2812944 400F01 EZY58MD 2263 -0.8038300 38.5755100 9625.00 255.50 195.70 -512.00 0 0 0 0 2015/10/19 13:16:48.414
13:16:51.064 1
564 2812944 400F01 EZY58MD 2263 -0.8042000 38.5745300 9625.00 254.50 195.70 -512.00 0 0 0 0 2015/10/19 13:16:49.429
13:16:52.065 1
564 2812944 400F01 EZY58MD 2263 -0.8042000 38.5745300 9625.00 254.50 195.70 -512.00 0 0 0 0 2015/10/19 13:16:49.429
13:16:53.070 1
564 2812944 400F01 EZY58MD 2263 -0.8042000 38.5745300 9625.00 253.60 195.80 -512.00 0 0 0 0 2015/10/19 13:16:49.429
13:16:54.069 1
564 2812944 400F01 EZY58MD 2263 -0.8042000 38.5745300 9625.00 253.60 195.80 -512.00 0 0 0 0 2015/10/19 13:16:49.429
13:16:55.075 1
564 2812944 400F01 EZY58MD 2263 -0.8057300 38.5700200 9600.00 253.60 195.80 -512.00 0 0 0 0 2015/10/19 13:16:53.289
13:16:56.079 1
564 2812944 400F01 EZY58MD 2263 -0.8057300 38.5700200 9600.00 253.60 195.80 -512.00 0 0 0 0 2015/10/19 13:16:53.289
13:16:57.130 1
564 2812944 400F01 EZY58MD 2263 -0.8057300 38.5700200 9600.00 253.60 195.80 -512.00 0 0 0 0 2015/10/19 13:16:53.289
13:16:58.086 1
564 2812944 400F01 EZY58MD 2263 -0.8069600 38.5665900 9575.00 250.40 195.80 -576.00 0 0 0 0 2015/10/19 13:16:56.164
13:16:59.087 1
564 2812944 400F01 EZY58MD 2263 -0.8075600 38.5648500 9550.00 249.40 195.80 -576.00 0 0 0 0 2015/10/19 13:16:57.554
13:17:00.091 1
564 2812944 400F01 EZY58MD 2263 -0.8075600 38.5648500 9550.00 249.40 195.80 -576.00 0 0 0 0 2015/10/19 13:16:57.554
13:17:01.091 1
564 2812944 400F01 EZY58MD 2263 -0.8080900 38.5633900 9550.00 248.50 195.90 -576.00 0 0 0 0 2015/10/19 13:16:59.179
13:17:02.096 1
564 2812944 400F01 EZY58MD 2263 -0.8087500 38.5615100 9525.00 255.20 195.50 -576.00 0 0 0 0 2015/10/19 13:17:00.601
13:17:03.098 1
564 2812944 400F01 EZY58MD 2263 -0.8087500 38.5615100 9525.00 255.20 195.50 -576.00 0 0 0 0 2015/10/19 13:17:00.601
13:17:04.103 1
564 2812944 400F01 EZY58MD 2263 -0.8095700 38.5590300 9500.00 254.30 195.50 -576.00 0 0 0 0 2015/10/19 13:17:02.836
13:17:05.106 1
564 2812944 400F01 EZY58MD 2263 -0.8097500 38.5585700 9500.00 254.00 195.30 -576.00 0 0 0 0 2015/10/19 13:17:03.445
13:17:06.108 1
564 2812944 400F01 EZY58MD 2263 -0.8104200 38.5566600 9475.00 252.10 195.40 -576.00 0 0 0 0 2015/10/19 13:17:04.867
13:17:07.108 1
564 2812944 400F01 EZY58MD 2263 -0.8107800 38.5556900 9475.00 252.10 195.40 -576.00 0 0 0 0 2015/10/19 13:17:05.883
13:17:08.109 1
564 2812944 400F01 EZY58MD 2263 -0.8112200 38.5544700 9475.00 251.10 195.50 -576.00 0 0 0 0 2015/10/19 13:17:06.898
13:17:09.136 1
564 2812944 400F01 EZY58MD 2263 -0.8113400 38.5540000 9450.00 251.10 195.50 -576.00 0 0 0 0 2015/10/19 13:17:07.258
13:17:10.120 1
564 2812944 400F01 EZY58MD 2263 -0.8117900 38.5528600 9450.00 251.10 195.50 -576.00 0 0 0 0 2015/10/19 13:17:08.320
13:17:11.123 1
564 2812944 400F01 EZY58MD 2263 -0.8123900 38.5511600 9425.00 249.40 195.80 -576.00 0 0 0 0 2015/10/19 13:17:09.945
13:17:12.128 1
564 2812944 400F01 EZY58MD 2263 -0.8127500 38.5502000 9425.00 249.40 195.80 -576.00 0 0 0 0 2015/10/19 13:17:10.758
13:17:13.132 1
564 2812944 400F01 EZY58MD 2263 -0.8127500 38.5502000 9425.00 240.70 197.90 -704.00 0 0 0 0 2015/10/19 13:17:10.758
13:17:14.136 1
564 2812944 400F01 EZY58MD 2263 -0.8135900 38.5481000 9400.00 240.70 197.90 -704.00 0 0 0 0 2015/10/19 13:17:12.789
13:17:15.137 1
564 2812944 400F01 EZY58MD 2263 -0.8140900 38.5469800 9400.00 238.90 200.30 -768.00 0 0 0 0 2015/10/19 13:17:13.805
13:17:16.143 1
564 2812944 400F01 EZY58MD 2263 -0.8146000 38.5458500 9375.00 244.80 201.30 -832.00 0 0 0 0 2015/10/19 13:17:14.821
13:17:17.145 1
564 2812944 400F01 EZY58MD 2263 -0.8145800 38.5460000 9350.00 244.80 201.30 -832.00 0 0 0 0 2015/10/19 13:17:15.836
13:17:18.150 1
564 2812944 400F01 EZY58MD 2263 -0.8155000 38.5443000 9350.00 236.20 205.60 -896.00 0 0 0 0 2015/10/19 13:17:16.164
13:17:19.154 1
564 2812944 400F01 EZY58MD 2263 -0.8164100 38.5427900 9325.00 236.20 205.60 -896.00 0 0 0 0 2015/10/19 13:17:17.664
13:17:20.159 1
564 2812944 400F01 EZY58MD 2263 -0.8169900 38.5419600 9325.00 234.80 207.70 -896.00 0 0 0 0 2015/10/19 13:17:18.680
13:17:21.161 1
564 2812944 400F01 EZY58MD 2263 -0.8178100 38.5409200 9300.00 241.30 209.00 -960.00 0 0 0 0 2015/10/19 13:17:19.696
13:17:22.165 1
564 2812944 400F01 EZY58MD 2263 -0.8184200 38.5401300 9275.00 233.60 212.10 -1024.00 0 0 0 0 2015/10/19 13:17:20.508
13:17:23.164 1
564 2812944 400F01 EZY58MD 2263 -0.8191400 38.5393500 9275.00 233.30 214.20 -1088.00 0 0 0 0 2015/10/19 13:17:21.524
13:17:24.170 1
564 2812944 400F01 EZY58MD 2263 -0.8191400 38.5393500 9275.00 231.90 218.70 -1216.00 0 0 0 0 2015/10/19 13:17:21.524
13:17:25.172 1
564 2812944 400F01 EZY58MD 2263 -0.8208000 38.5376600 9225.00 231.90 218.70 -1216.00 0 0 0 0 2015/10/19 13:17:23.352
13:17:26.224 1
564 2812944 400F01 EZY58MD 2263 -0.8219600 38.5366400 9200.00 231.80 221.00 -1216.00 0 0 0 0 2015/10/19 13:17:24.368
13:17:27.180 1
564 2812944 400F01 EZY58MD 2263 -0.8219600 38.5366400 9200.00 237.20 222.10 -1280.00 0 0 0 0 2015/10/19 13:17:24.368
