19-Oct-2015
12:36:03.258 1
9215 2885461 A11AD2 N170SW 3203 0.1533200 39.9179900 16325.00 380.50 236.10 -2496.00 0 0 0 0 2015/10/19 12:36:02.382
12:36:04.168 1
9215 2885461 A11AD2 N170SW 3203 0.1533200 39.9179900 16325.00 380.50 236.10 -2496.00 0 0 0 0 2015/10/19 12:36:02.382
12:36:05.156 1
9215 2885461 A11AD2 N170SW 3203 0.1514200 39.9169500 16275.00 379.70 236.10 -2496.00 0 0 0 0 2015/10/19 12:36:03.601
12:36:06.160 1
9215 2885461 A11AD2 N170SW 3203 0.1488000 39.9155200 16225.00 379.40 235.80 -2496.00 0 0 0 0 2015/10/19 12:36:04.820
12:36:07.165 1
9215 2885461 A11AD2 N170SW 3203 0.1468800 39.9145200 16175.00 379.20 235.60 -2432.00 0 0 0 0 2015/10/19 12:36:05.835
12:36:08.166 1
9215 2885461 A11AD2 N170SW 3203 0.1450200 39.9134700 16125.00 384.10 234.30 -2496.00 0 0 0 0 2015/10/19 12:36:06.851
12:36:09.168 1
9215 2885461 A11AD2 N170SW 3203 0.1450200 39.9134700 16125.00 384.10 234.30 -2496.00 0 0 0 0 2015/10/19 12:36:06.851
12:36:10.173 1
9215 2885461 A11AD2 N170SW 3203 0.1413000 39.9113700 16050.00 383.40 233.70 -2560.00 0 0 0 0 2015/10/19 12:36:08.882
12:36:11.174 1
9215 2885461 A11AD2 N170SW 3203 0.1413000 39.9113700 16025.00 383.40 233.70 -2560.00 0 0 0 0 2015/10/19 12:36:08.882
12:36:12.175 1
9215 2885461 A11AD2 N170SW 3203 0.1413000 39.9113700 16025.00 383.40 233.70 -2560.00 0 0 0 0 2015/10/19 12:36:08.882
12:36:13.179 1
9215 2885461 A11AD2 N170SW 3203 0.1413000 39.9113700 16025.00 383.40 233.70 -2560.00 0 0 0 0 2015/10/19 12:36:08.882
12:36:14.181 1
9215 2885461 A11AD2 N170SW 3203 0.1413000 39.9113700 16025.00 383.40 233.70 -2560.00 0 0 0 0 2015/10/19 12:36:08.882
12:36:15.186 1
9215 2885461 A11AD2 N170SW 3203 0.1335100 39.9067400 15875.00 374.60 232.70 -2880.00 0 0 0 0 2015/10/19 12:36:13.148
12:36:16.190 1
9215 2885461 A11AD2 N170SW 3203 0.1335100 39.9067400 15875.00 374.60 232.70 -2880.00 0 0 0 0 2015/10/19 12:36:13.148
12:36:17.196 1
9215 2885461 A11AD2 N170SW 3203 0.1290900 39.9039700 15750.00 372.50 231.90 -2688.00 0 0 0 0 2015/10/19 12:36:15.586
12:36:18.200 1
9215 2885461 A11AD2 N170SW 3203 0.1276900 39.9031400 15725.00 376.60 230.60 -2624.00 0 0 0 0 2015/10/19 12:36:16.398
12:36:19.207 1
9215 2885461 A11AD2 N170SW 3203 0.1276900 39.9031400 15725.00 376.60 230.60 -2624.00 0 0 0 0 2015/10/19 12:36:16.398
12:36:20.210 1
9215 2885461 A11AD2 N170SW 3203 0.1242700 39.9009000 15625.00 373.90 229.70 -2496.00 0 0 0 0 2015/10/19 12:36:18.633
12:36:21.212 1
9215 2885461 A11AD2 N170SW 3203 0.1242700 39.9009000 15625.00 373.90 229.70 -2496.00 0 0 0 0 2015/10/19 12:36:18.633
12:36:22.217 1
9215 2885461 A11AD2 N170SW 3203 0.1242700 39.9009000 15625.00 373.90 229.70 -2496.00 0 0 0 0 2015/10/19 12:36:18.633
12:36:23.218 1
9215 2885461 A11AD2 N170SW 3203 0.1242700 39.9009000 15625.00 373.90 229.70 -2496.00 0 0 0 0 2015/10/19 12:36:18.633
12:36:24.216 1
9215 2885461 A11AD2 N170SW 3203 0.1242700 39.9009000 15625.00 373.90 229.70 -2496.00 0 0 0 0 2015/10/19 12:36:18.633
12:36:25.221 1
9215 2885461 A11AD2 N170SW 3203 0.1151200 39.8946100 15425.00 365.50 228.30 -2240.00 0 0 0 0 2015/10/19 12:36:23.914
12:36:26.225 1
9215 2885461 A11AD2 N170SW 3203 0.1142000 39.8939200 15400.00 365.30 227.90 -2432.00 0 0 0 0 2015/10/19 12:36:24.523
12:36:27.229 1
9215 2885461 A11AD2 N170SW 3203 0.1142000 39.8939200 15400.00 365.30 227.90 -2432.00 0 0 0 0 2015/10/19 12:36:24.523
12:36:28.231 1
9215 2885461 A11AD2 N170SW 3203 0.1102900 39.8910300 15275.00 369.90 226.20 -2752.00 0 0 0 0 2015/10/19 12:36:26.961
12:36:29.233 1
9215 2885461 A11AD2 N170SW 3203 0.1095100 39.8904400 15275.00 369.80 225.80 -2880.00 0 0 0 0 2015/10/19 12:36:27.367
12:36:30.237 1
9215 2885461 A11AD2 N170SW 3203 0.1072400 39.8887500 15200.00 369.10 225.40 -2944.00 0 0 0 0 2015/10/19 12:36:28.789
12:36:31.241 1
9215 2885461 A11AD2 N170SW 3203 0.1072400 39.8887500 15200.00 369.10 225.40 -2944.00 0 0 0 0 2015/10/19 12:36:28.789
12:36:32.244 1
9215 2885461 A11AD2 N170SW 3203 0.1072400 39.8887500 15200.00 369.10 225.40 -2944.00 0 0 0 0 2015/10/19 12:36:28.789
12:36:33.249 1
9215 2885461 A11AD2 N170SW 3203 0.1026400 39.8850900 15050.00 361.30 225.10 -3008.00 0 0 0 0 2015/10/19 12:36:31.836
12:36:34.250 1
9215 2885461 A11AD2 N170SW 3203 0.1011400 39.8838600 15000.00 360.60 224.60 -3008.00 0 0 0 0 2015/10/19 12:36:32.852
12:36:35.255 1
9215 2885461 A11AD2 N170SW 3203 0.0995900 39.8826100 14950.00 360.00 224.20 -2944.00 0 0 0 0 2015/10/19 12:36:33.867
12:36:36.260 1
9215 2885461 A11AD2 N170SW 3203 0.0995900 39.8826100 14950.00 360.00 224.20 -2944.00 0 0 0 0 2015/10/19 12:36:33.867
12:36:37.263 1
9215 2885461 A11AD2 N170SW 3203 0.0965500 39.8800500 14850.00 358.00 223.00 -3008.00 0 0 0 0 2015/10/19 12:36:35.899
12:36:38.269 1
9215 2885461 A11AD2 N170SW 3203 0.0957600 39.8793900 14800.00 357.30 222.80 -3072.00 0 0 0 0 2015/10/19 12:36:36.508
12:36:39.274 1
9215 2885461 A11AD2 N170SW 3203 0.0957600 39.8793900 14800.00 357.30 222.80 -3072.00 0 0 0 0 2015/10/19 12:36:36.508
12:36:40.277 1
9215 2885461 A11AD2 N170SW 3203 0.0922200 39.8762700 14675.00 362.10 221.30 -3392.00 0 0 0 0 2015/10/19 12:36:38.946
12:36:41.281 1
9215 2885461 A11AD2 N170SW 3203 0.0908200 39.8749700 14625.00 361.00 220.60 -3648.00 0 0 0 0 2015/10/19 12:36:39.961
12:36:42.282 1
9215 2885461 A11AD2 N170SW 3203 0.0895400 39.8738100 14575.00 361.20 220.20 -3712.00 0 0 0 0 2015/10/19 12:36:40.774
12:36:43.284 1
9215 2885461 A11AD2 N170SW 3203 0.0887300 39.8730500 14525.00 360.70 219.80 -3840.00 0 0 0 0 2015/10/19 12:36:41.383
12:36:44.289 1
9215 2885461 A11AD2 N170SW 3203 0.0887300 39.8730500 14525.00 360.70 219.80 -3840.00 0 0 0 0 2015/10/19 12:36:41.383
12:36:45.290 1
9215 2885461 A11AD2 N170SW 3203 0.0859800 39.8704800 14400.00 354.30 219.80 -3904.00 0 0 0 0 2015/10/19 12:36:43.415
12:36:46.292 1
9215 2885461 A11AD2 N170SW 3203 0.0859800 39.8704800 14400.00 354.30 219.80 -3904.00 0 0 0 0 2015/10/19 12:36:43.415
12:36:47.297 1
9215 2885461 A11AD2 N170SW 3203 0.0827600 39.8673200 14225.00 353.40 218.90 -3840.00 0 0 0 0 2015/10/19 12:36:45.852
12:36:48.301 1
9215 2885461 A11AD2 N170SW 3203 0.0827600 39.8673200 14225.00 353.40 218.90 -3840.00 0 0 0 0 2015/10/19 12:36:45.852
12:36:49.303 1
9215 2885461 A11AD2 N170SW 3203 0.0801300 39.8646700 14100.00 353.30 218.10 -3840.00 0 0 0 0 2015/10/19 12:36:47.883
12:36:50.306 1
9215 2885461 A11AD2 N170SW 3203 0.0788600 39.8633800 14050.00 358.60 216.80 -3904.00 0 0 0 0 2015/10/19 12:36:48.899
12:36:51.313 1
9215 2885461 A11AD2 N170SW 3203 0.0775600 39.8620100 13975.00 358.20 216.50 -3776.00 0 0 0 0 2015/10/19 12:36:49.915
12:36:52.316 1
9215 2885461 A11AD2 N170SW 3203 0.0763500 39.8606800 13925.00 357.80 216.10 -3648.00 0 0 0 0 2015/10/19 12:36:50.930
12:36:53.315 1
9215 2885461 A11AD2 N170SW 3203 0.0763500 39.8606800 13925.00 357.80 216.10 -3648.00 0 0 0 0 2015/10/19 12:36:50.930
12:36:54.318 1
9215 2885461 A11AD2 N170SW 3203 0.0741000 39.8582600 13825.00 357.60 215.00 -3456.00 0 0 0 0 2015/10/19 12:36:52.758
12:36:55.323 1
9215 2885461 A11AD2 N170SW 3203 0.0741000 39.8582600 13825.00 357.00 214.80 -3392.00 0 0 0 0 2015/10/19 12:36:52.758
12:36:56.325 1
9215 2885461 A11AD2 N170SW 3203 0.0716500 39.8555100 13700.00 350.40 215.00 -3328.00 0 0 0 0 2015/10/19 12:36:54.587
12:36:57.324 1
9215 2885461 A11AD2 N170SW 3203 0.0705000 39.8541600 13650.00 350.10 214.60 -3264.00 0 0 0 0 2015/10/19 12:36:55.618
12:36:58.324 1
9215 2885461 A11AD2 N170SW 3203 0.0693200 39.8527700 13575.00 348.60 214.00 -3136.00 0 0 0 0 2015/10/19 12:36:56.634
12:36:59.327 1
9215 2885461 A11AD2 N170SW 3203 0.0681800 39.8514200 13550.00 348.40 213.60 -3008.00 0 0 0 0 2015/10/19 12:36:57.649
12:37:00.325 1
9215 2885461 A11AD2 N170SW 3203 0.0671400 39.8501600 13500.00 347.20 213.40 -2944.00 0 0 0 0 2015/10/19 12:36:58.665
12:37:01.331 1
9215 2885461 A11AD2 N170SW 3203 0.0671400 39.8501600 13500.00 347.20 213.40 -2944.00 0 0 0 0 2015/10/19 12:36:58.665
12:37:02.333 1
9215 2885461 A11AD2 N170SW 3203 0.0647800 39.8472300 13400.00 344.80 212.40 -2560.00 0 0 0 0 2015/10/19 12:37:00.696
12:37:03.339 1
9215 2885461 A11AD2 N170SW 3203 0.0647800 39.8472300 13400.00 344.80 212.40 -2560.00 0 0 0 0 2015/10/19 12:37:00.696
12:37:04.341 1
9215 2885461 A11AD2 N170SW 3203 0.0647800 39.8472300 13400.00 344.80 212.40 -2560.00 0 0 0 0 2015/10/19 12:37:00.696
12:37:05.348 1
9215 2885461 A11AD2 N170SW 3203 0.0611600 39.8425200 13275.00 339.90 210.80 -1728.00 0 0 0 0 2015/10/19 12:37:03.946
12:37:06.350 1
9215 2885461 A11AD2 N170SW 3203 0.0607300 39.8419700 13250.00 339.90 210.80 -1600.00 0 0 0 0 2015/10/19 12:37:04.556
12:37:07.355 1
9215 2885461 A11AD2 N170SW 3203 0.0607300 39.8419700 13250.00 337.90 210.20 -1472.00 0 0 0 0 2015/10/19 12:37:04.556
12:37:08.357 1
9215 2885461 A11AD2 N170SW 3203 0.0587200 39.8391700 13200.00 336.40 209.80 -1408.00 0 0 0 0 2015/10/19 12:37:06.587
12:37:09.359 1
9215 2885461 A11AD2 N170SW 3203 0.0577400 39.8378000 13175.00 334.90 209.30 -1408.00 0 0 0 0 2015/10/19 12:37:07.603
12:37:10.362 1
9215 2885461 A11AD2 N170SW 3203 0.0567000 39.8363300 13125.00 333.10 209.10 -1536.00 0 0 0 0 2015/10/19 12:37:08.618
12:37:11.363 1
9215 2885461 A11AD2 N170SW 3203 0.0567000 39.8363300 13125.00 333.10 209.10 -1536.00 0 0 0 0 2015/10/19 12:37:08.618
12:37:12.364 1
9215 2885461 A11AD2 N170SW 3203 0.0567000 39.8363300 13125.00 333.10 209.10 -1536.00 0 0 0 0 2015/10/19 12:37:08.618
12:37:13.368 1
9215 2885461 A11AD2 N170SW 3203 0.0567000 39.8363300 13125.00 333.10 209.10 -1536.00 0 0 0 0 2015/10/19 12:37:08.618
12:37:14.373 1
9215 2885461 A11AD2 N170SW 3203 0.0528400 39.8306100 13050.00 327.80 207.40 -896.00 0 0 0 0 2015/10/19 12:37:12.681
12:37:15.379 1
9215 2885461 A11AD2 N170SW 3203 0.0520000 39.8292100 13025.00 326.90 207.10 -704.00 0 0 0 0 2015/10/19 12:37:13.697
12:37:16.381 1
9215 2885461 A11AD2 N170SW 3203 0.0520000 39.8292100 13025.00 326.90 207.10 -704.00 0 0 0 0 2015/10/19 12:37:13.697
12:37:17.382 1
9215 2885461 A11AD2 N170SW 3203 0.0494400 39.8251200 13000.00 321.60 206.00 -256.00 0 0 0 0 2015/10/19 12:37:16.540
12:37:18.385 1
9215 2885461 A11AD2 N170SW 3203 0.0485800 39.8237200 13000.00 320.70 205.70 -320.00 0 0 0 0 2015/10/19 12:37:17.759
12:37:19.388 1
9215 2885461 A11AD2 N170SW 3203 0.0477700 39.8223700 13000.00 318.10 205.10 -448.00 0 0 0 0 2015/10/19 12:37:18.572
12:37:20.390 1
9215 2885461 A11AD2 N170SW 3203 0.0477700 39.8223700 13000.00 318.10 205.10 -448.00 0 0 0 0 2015/10/19 12:37:18.572
12:37:21.393 1
9215 2885461 A11AD2 N170SW 3203 0.0462100 39.8196300 12975.00 315.90 204.70 -448.00 0 0 0 0 2015/10/19 12:37:20.603
12:37:22.396 1
9215 2885461 A11AD2 N170SW 3203 0.0462100 39.8196300 12975.00 315.90 204.70 -448.00 0 0 0 0 2015/10/19 12:37:20.603
12:37:23.401 1
9215 2885461 A11AD2 N170SW 3203 0.0462100 39.8196300 12975.00 315.90 204.70 -448.00 0 0 0 0 2015/10/19 12:37:20.603
12:37:24.404 1
9215 2885461 A11AD2 N170SW 3203 0.0443600 39.8163800 12950.00 318.00 203.30 -576.00 0 0 0 0 2015/10/19 12:37:23.103
12:37:25.409 1
9215 2885461 A11AD2 N170SW 3203 0.0431700 39.8142200 12925.00 317.60 203.20 -704.00 0 0 0 0 2015/10/19 12:37:24.666
12:37:26.411 1
9215 2885461 A11AD2 N170SW 3203 0.0424200 39.8128700 12925.00 315.90 202.90 -832.00 0 0 0 0 2015/10/19 12:37:25.681
12:37:27.411 1
9215 2885461 A11AD2 N170SW 3203 0.0415600 39.8112400 12900.00 315.00 203.00 -1024.00 0 0 0 0 2015/10/19 12:37:26.697
12:37:28.411 1
9215 2885461 A11AD2 N170SW 3203 0.0412000 39.8105900 12900.00 315.00 203.00 -1024.00 0 0 0 0 2015/10/19 12:37:27.306
12:37:29.415 1
9215 2885461 A11AD2 N170SW 3203 0.0401000 39.8085900 12875.00 312.40 202.80 -1344.00 0 0 0 0 2015/10/19 12:37:28.931
12:37:30.419 1
9215 2885461 A11AD2 N170SW 3203 0.0401000 39.8085900 12875.00 312.40 202.80 -1344.00 0 0 0 0 2015/10/19 12:37:28.931
12:37:31.421 1
9215 2885461 A11AD2 N170SW 3203 0.0401000 39.8085900 12875.00 312.40 202.80 -1344.00 0 0 0 0 2015/10/19 12:37:28.931
12:37:32.425 1
9215 2885461 A11AD2 N170SW 3203 0.0381500 39.8050200 12800.00 311.10 202.70 -1600.00 0 0 0 0 2015/10/19 12:37:31.572
12:37:33.426 1
9215 2885461 A11AD2 N170SW 3203 0.0373800 39.8035100 12800.00 302.80 203.30 -1664.00 0 0 0 0 2015/10/19 12:37:32.791
12:37:34.428 1
9215 2885461 A11AD2 N170SW 3203 0.0366200 39.8022100 12750.00 302.40 203.20 -1728.00 0 0 0 0 2015/10/19 12:37:33.806
12:37:35.434 1
9215 2885461 A11AD2 N170SW 3203 0.0359400 39.8009000 12725.00 301.50 203.20 -1728.00 0 0 0 0 2015/10/19 12:37:34.619
12:37:36.437 1
9215 2885461 A11AD2 N170SW 3203 0.0352200 39.7995600 12700.00 300.20 203.10 -1536.00 0 0 0 0 2015/10/19 12:37:35.635
12:37:37.440 1
9215 2885461 A11AD2 N170SW 3203 0.0345100 39.7982500 12675.00 299.20 203.20 -1408.00 0 0 0 0 2015/10/19 12:37:36.650
12:37:38.443 1
9215 2885461 A11AD2 N170SW 3203 0.0345100 39.7982500 12675.00 299.20 203.20 -1408.00 0 0 0 0 2015/10/19 12:37:36.650
12:37:39.447 1
9215 2885461 A11AD2 N170SW 3203 0.0332600 39.7959300 12625.00 296.50 203.50 -1344.00 0 0 0 0 2015/10/19 12:37:38.478
12:37:40.447 1
9215 2885461 A11AD2 N170SW 3203 0.0321800 39.7939900 12600.00 295.60 203.50 -1344.00 0 0 0 0 2015/10/19 12:37:39.900
12:37:41.449 1
9215 2885461 A11AD2 N170SW 3203 0.0315600 39.7928100 12575.00 302.00 203.00 -1408.00 0 0 0 0 2015/10/19 12:37:40.916
12:37:42.452 1
9215 2885461 A11AD2 N170SW 3203 0.0315600 39.7928100 12575.00 302.00 203.00 -1408.00 0 0 0 0 2015/10/19 12:37:40.916
12:37:43.453 1
9215 2885461 A11AD2 N170SW 3203 0.0315600 39.7928100 12575.00 302.00 203.00 -1408.00 0 0 0 0 2015/10/19 12:37:40.916
12:37:44.459 1
9215 2885461 A11AD2 N170SW 3203 0.0294400 39.7890000 12525.00 299.80 203.00 -1536.00 0 0 0 0 2015/10/19 12:37:43.963
12:37:45.463 1
9215 2885461 A11AD2 N170SW 3203 0.0290500 39.7882400 12500.00 298.50 202.90 -1600.00 0 0 0 0 2015/10/19 12:37:44.369
12:37:46.465 1
9215 2885461 A11AD2 N170SW 3203 0.0283000 39.7868500 12475.00 297.50 202.90 -1664.00 0 0 0 0 2015/10/19 12:37:45.588
12:37:47.468 1
9215 2885461 A11AD2 N170SW 3203 0.0276500 39.7856800 12450.00 296.60 203.00 -1792.00 0 0 0 0 2015/10/19 12:37:46.604
12:37:48.470 1
9215 2885461 A11AD2 N170SW 3203 0.0269300 39.7844200 12425.00 295.30 202.90 -1920.00 0 0 0 0 2015/10/19 12:37:47.416
12:37:49.473 1
9215 2885461 A11AD2 N170SW 3203 0.0260000 39.7826600 12375.00 295.30 202.90 -2048.00 0 0 0 0 2015/10/19 12:37:48.838
12:37:50.478 1
9215 2885461 A11AD2 N170SW 3203 0.0260000 39.7826600 12375.00 295.30 202.90 -2048.00 0 0 0 0 2015/10/19 12:37:48.838
12:37:51.483 1
9215 2885461 A11AD2 N170SW 3203 0.0247200 39.7803500 12325.00 294.00 202.80 -2240.00 0 0 0 0 2015/10/19 12:37:50.666
12:37:52.484 1
9215 2885461 A11AD2 N170SW 3203 0.0239900 39.7790300 12275.00 294.00 202.80 -2304.00 0 0 0 0 2015/10/19 12:37:51.885
12:37:53.492 1
9215 2885461 A11AD2 N170SW 3203 0.0232500 39.7776300 12225.00 294.00 202.80 -2368.00 0 0 0 0 2015/10/19 12:37:52.901
12:37:54.489 1
9215 2885461 A11AD2 N170SW 3203 0.0225700 39.7764100 12200.00 285.30 203.30 -2432.00 0 0 0 0 2015/10/19 12:37:53.916
12:37:55.494 1
9215 2885461 A11AD2 N170SW 3203 0.0225700 39.7764100 12200.00 285.30 203.30 -2432.00 0 0 0 0 2015/10/19 12:37:53.916
12:37:56.498 1
9215 2885461 A11AD2 N170SW 3203 0.0212000 39.7739000 12100.00 285.30 203.30 -2560.00 0 0 0 0 2015/10/19 12:37:55.948
12:37:57.501 1
9215 2885461 A11AD2 N170SW 3203 0.0204500 39.7725600 12075.00 284.40 203.40 -2624.00 0 0 0 0 2015/10/19 12:37:56.963
12:37:58.501 1
9215 2885461 A11AD2 N170SW 3203 0.0204500 39.7725600 12075.00 284.40 203.40 -2624.00 0 0 0 0 2015/10/19 12:37:56.963
12:37:59.505 1
9215 2885461 A11AD2 N170SW 3203 0.0194100 39.7705500 12000.00 284.40 203.40 -2688.00 0 0 0 0 2015/10/19 12:37:58.588
12:38:00.510 1
9215 2885461 A11AD2 N170SW 3203 0.0187500 39.7694100 11950.00 284.00 203.20 -2752.00 0 0 0 0 2015/10/19 12:37:59.401
12:38:01.516 1
9215 2885461 A11AD2 N170SW 3203 0.0181300 39.7681800 11925.00 284.00 203.20 -2816.00 0 0 0 0 2015/10/19 12:38:00.416
12:38:02.520 1
9215 2885461 A11AD2 N170SW 3203 0.0181300 39.7681800 11925.00 284.00 203.20 -2816.00 0 0 0 0 2015/10/19 12:38:00.416
12:38:03.523 1
9215 2885461 A11AD2 N170SW 3203 0.0167800 39.7656700 11825.00 284.00 203.20 -2944.00 0 0 0 0 2015/10/19 12:38:02.448
12:38:04.527 1
9215 2885461 A11AD2 N170SW 3203 0.0160600 39.7644200 11775.00 284.00 203.20 -3072.00 0 0 0 0 2015/10/19 12:38:03.463
12:38:05.528 1
9215 2885461 A11AD2 N170SW 3203 0.0154400 39.7632000 11725.00 284.00 203.20 -3200.00 0 0 0 0 2015/10/19 12:38:04.479
12:38:06.532 1
9215 2885461 A11AD2 N170SW 3203 0.0147500 39.7619500 11650.00 284.00 203.20 -3200.00 0 0 0 0 2015/10/19 12:38:05.495
12:38:07.536 1
9215 2885461 A11AD2 N170SW 3203 0.0137900 39.7602200 11575.00 284.00 203.20 -3328.00 0 0 0 0 2015/10/19 12:38:06.917
12:38:08.539 1
9215 2885461 A11AD2 N170SW 3203 0.0130800 39.7588300 11525.00 284.00 203.20 -3392.00 0 0 0 0 2015/10/19 12:38:07.932
12:38:09.541 1
9215 2885461 A11AD2 N170SW 3203 0.0127600 39.7582200 11500.00 284.00 203.20 -3392.00 0 0 0 0 2015/10/19 12:38:08.339
12:38:10.546 1
9215 2885461 A11AD2 N170SW 3203 0.0118200 39.7564500 11400.00 284.90 203.10 -3520.00 0 0 0 0 2015/10/19 12:38:09.964
12:38:11.551 1
9215 2885461 A11AD2 N170SW 3203 0.0111100 39.7551900 11350.00 284.90 203.10 -3520.00 0 0 0 0 2015/10/19 12:38:10.776
12:38:12.551 1
9215 2885461 A11AD2 N170SW 3203 0.0111100 39.7551900 11350.00 284.90 203.10 -3520.00 0 0 0 0 2015/10/19 12:38:10.776
12:38:13.557 1
9215 2885461 A11AD2 N170SW 3203 0.0099100 39.7529800 11250.00 293.20 202.50 -3584.00 0 0 0 0 2015/10/19 12:38:12.604
12:38:14.561 1
9215 2885461 A11AD2 N170SW 3203 0.0092200 39.7517000 11200.00 293.20 202.50 -3584.00 0 0 0 0 2015/10/19 12:38:13.620
12:38:15.565 1
9215 2885461 A11AD2 N170SW 3203 0.0092200 39.7517000 11200.00 293.60 202.60 -3520.00 0 0 0 0 2015/10/19 12:38:13.620
12:38:16.567 1
9215 2885461 A11AD2 N170SW 3203 0.0078700 39.7491900 11075.00 294.50 202.60 -3392.00 0 0 0 0 2015/10/19 12:38:15.651
12:38:17.573 1
9215 2885461 A11AD2 N170SW 3203 0.0072200 39.7479400 11025.00 294.50 202.60 -3264.00 0 0 0 0 2015/10/19 12:38:16.667
12:38:18.573 1
9215 2885461 A11AD2 N170SW 3203 0.0069300 39.7474400 11000.00 294.50 202.60 -3200.00 0 0 0 0 2015/10/19 12:38:17.198
12:38:19.580 1
9215 2885461 A11AD2 N170SW 3203 0.0058500 39.7454200 10925.00 294.50 202.60 -3072.00 0 0 0 0 2015/10/19 12:38:18.495
12:38:20.584 1
9215 2885461 A11AD2 N170SW 3203 0.0052500 39.7442800 10875.00 294.50 202.60 -2944.00 0 0 0 0 2015/10/19 12:38:19.511
12:38:21.590 1
9215 2885461 A11AD2 N170SW 3203 0.0044800 39.7429000 10825.00 294.50 202.60 -2816.00 0 0 0 0 2015/10/19 12:38:20.729
12:38:22.593 1
9215 2885461 A11AD2 N170SW 3203 0.0038500 39.7416500 10750.00 294.50 202.60 -2688.00 0 0 0 0 2015/10/19 12:38:21.745
12:38:23.596 1
9215 2885461 A11AD2 N170SW 3203 0.0031600 39.7403900 10725.00 294.50 202.60 -2624.00 0 0 0 0 2015/10/19 12:38:22.761
12:38:24.601 1
9215 2885461 A11AD2 N170SW 3203 0.0025700 39.7392900 10675.00 294.50 202.60 -2624.00 0 0 0 0 2015/10/19 12:38:23.573
12:38:25.599 1
9215 2885461 A11AD2 N170SW 3203 0.0019500 39.7381100 10650.00 294.50 202.60 -2560.00 0 0 0 0 2015/10/19 12:38:24.589
12:38:26.604 1
9215 2885461 A11AD2 N170SW 3203 0.0012500 39.7368600 10600.00 293.60 202.60 -2496.00 0 0 0 0 2015/10/19 12:38:25.401
12:38:27.606 1
9215 2885461 A11AD2 N170SW 3203 0.0006600 39.7357200 10550.00 293.60 202.60 -2496.00 0 0 0 0 2015/10/19 12:38:26.417
12:38:28.608 1
9215 2885461 A11AD2 N170SW 3203 -0.0001200 39.7343400 10500.00 285.30 203.30 -2496.00 0 0 0 0 2015/10/19 12:38:27.636
12:38:29.611 1
9215 2885461 A11AD2 N170SW 3203 -0.0007900 39.7330800 10475.00 285.30 203.30 -2496.00 0 0 0 0 2015/10/19 12:38:28.448
12:38:30.617 1
9215 2885461 A11AD2 N170SW 3203 -0.0014900 39.7317400 10425.00 284.90 203.10 -2432.00 0 0 0 0 2015/10/19 12:38:29.667
12:38:31.622 1
9215 2885461 A11AD2 N170SW 3203 -0.0022700 39.7303600 10375.00 284.00 203.20 -2496.00 0 0 0 0 2015/10/19 12:38:30.683
12:38:32.625 1
9215 2885461 A11AD2 N170SW 3203 -0.0022700 39.7303600 10375.00 284.00 203.20 -2496.00 0 0 0 0 2015/10/19 12:38:30.683
12:38:33.628 1
9215 2885461 A11AD2 N170SW 3203 -0.0035800 39.7278400 10275.00 284.00 203.20 -2624.00 0 0 0 0 2015/10/19 12:38:32.714
12:38:34.631 1
9215 2885461 A11AD2 N170SW 3203 -0.0042700 39.7266100 10250.00 284.00 203.20 -2624.00 0 0 0 0 2015/10/19 12:38:33.730
12:38:35.631 1
9215 2885461 A11AD2 N170SW 3203 -0.0049600 39.7253700 10200.00 283.60 203.00 -2624.00 0 0 0 0 2015/10/19 12:38:34.745
12:38:36.637 1
9215 2885461 A11AD2 N170SW 3203 -0.0056200 39.7241400 10175.00 283.60 203.00 -2688.00 0 0 0 0 2015/10/19 12:38:35.558
12:38:37.642 1
9215 2885461 A11AD2 N170SW 3203 -0.0059200 39.7235400 10125.00 282.70 203.10 -2688.00 0 0 0 0 2015/10/19 12:38:36.167
12:38:38.642 1
9215 2885461 A11AD2 N170SW 3203 -0.0065100 39.7224000 10100.00 282.70 203.10 -2688.00 0 0 0 0 2015/10/19 12:38:37.105
12:38:39.648 1
9215 2885461 A11AD2 N170SW 3203 -0.0075800 39.7203800 10025.00 282.70 203.10 -2816.00 0 0 0 0 2015/10/19 12:38:38.808
12:38:40.649 1
9215 2885461 A11AD2 N170SW 3203 -0.0082400 39.7191600 9975.00 282.70 203.10 -2880.00 0 0 0 0 2015/10/19 12:38:39.621
12:44:05.053 1
9215 2885461 A11AD2 N170SW 3203 -0.2154500 39.3786300 3575.00 192.90 285.30 -64.00 0 0 0 0 2015/10/19 12:44:03.785
12:44:06.056 1
9215 2885461 A11AD2 N170SW 3203 -0.2165000 39.3789400 3575.00 195.00 291.00 -64.00 0 0 0 0 2015/10/19 12:44:04.801
12:44:07.047 1
9215 2885461 A11AD2 N170SW 3203 -0.2175900 39.3792800 3575.00 193.80 294.10 -64.00 0 0 0 0 2015/10/19 12:44:05.613
12:44:08.057 1
9215 2885461 A11AD2 N170SW 3203 -0.2185900 39.3796700 3575.00 189.60 295.60 -64.00 0 0 0 0 2015/10/19 12:44:06.629
12:44:09.056 1
9215 2885461 A11AD2 N170SW 3203 -0.2196000 39.3801200 3575.00 192.40 301.00 64.00 0 0 0 0 2015/10/19 12:44:07.848
12:44:10.057 1
9215 2885461 A11AD2 N170SW 3203 -0.2202600 39.3804500 3575.00 187.30 301.90 128.00 0 0 0 0 2015/10/19 12:44:08.457
12:44:11.065 1
9215 2885461 A11AD2 N170SW 3203 -0.2217000 39.3812700 3575.00 190.60 307.10 128.00 0 0 0 0 2015/10/19 12:44:09.879
12:44:12.063 1
9215 2885461 A11AD2 N170SW 3203 -0.2225300 39.3818400 3575.00 185.80 306.70 128.00 0 0 0 0 2015/10/19 12:44:10.895
12:44:13.070 1
9215 2885461 A11AD2 N170SW 3203 -0.2233700 39.3824600 3575.00 188.90 313.10 0.00 0 0 0 0 2015/10/19 12:44:11.910
12:44:14.076 1
9215 2885461 A11AD2 N170SW 3203 -0.2241200 39.3830500 3575.00 182.40 315.00 0.00 0 0 0 0 2015/10/19 12:44:12.926
12:44:15.079 1
9215 2885461 A11AD2 N170SW 3203 -0.2248600 39.3837000 3575.00 188.00 319.50 -64.00 0 0 0 0 2015/10/19 12:44:13.942
12:44:16.090 1
9215 2885461 A11AD2 N170SW 3203 -0.2251000 39.3839700 3575.00 187.00 322.80 -64.00 0 0 0 0 2015/10/19 12:44:14.348
12:44:17.088 1
9215 2885461 A11AD2 N170SW 3203 -0.2260100 39.3849600 3575.00 180.10 324.70 64.00 0 0 0 0 2015/10/19 12:44:15.770
12:44:18.090 1
9215 2885461 A11AD2 N170SW 3203 -0.2266500 39.3857100 3575.00 180.00 325.90 128.00 0 0 0 0 2015/10/19 12:44:16.785
12:44:19.087 1
9215 2885461 A11AD2 N170SW 3203 -0.2272300 39.3864500 3575.00 185.60 329.60 256.00 0 0 0 0 2015/10/19 12:44:17.801
12:44:20.091 1
9215 2885461 A11AD2 N170SW 3203 -0.2275500 39.3869000 3575.00 184.90 330.50 384.00 0 0 0 0 2015/10/19 12:44:18.426
12:44:21.094 1
9215 2885461 A11AD2 N170SW 3203 -0.2280900 39.3876600 3575.00 185.30 330.90 320.00 0 0 0 0 2015/10/19 12:44:19.239
12:44:22.096 1
9215 2885461 A11AD2 N170SW 3203 -0.2289400 39.3888300 3600.00 184.40 330.80 128.00 0 0 0 0 2015/10/19 12:44:20.864
12:44:23.100 1
9215 2885461 A11AD2 N170SW 3203 -0.2293700 39.3894300 3600.00 184.60 330.10 0.00 0 0 0 0 2015/10/19 12:44:21.676
12:44:24.103 1
9215 2885461 A11AD2 N170SW 3203 -0.2300000 39.3902400 3600.00 177.80 326.90 -192.00 0 0 0 0 2015/10/19 12:44:22.895
12:44:25.103 1
9215 2885461 A11AD2 N170SW 3203 -0.2305300 39.3908700 3600.00 178.10 325.10 -320.00 0 0 0 0 2015/10/19 12:44:23.911
12:44:26.107 1
9215 2885461 A11AD2 N170SW 3203 -0.2307700 39.3911500 3575.00 179.20 322.90 -320.00 0 0 0 0 2015/10/19 12:44:24.145
12:44:27.120 1
9215 2885461 A11AD2 N170SW 3203 -0.2315700 39.3919900 3575.00 185.20 322.00 -384.00 0 0 0 0 2015/10/19 12:44:25.223
12:44:28.114 1
9215 2885461 A11AD2 N170SW 3203 -0.2326700 39.3930600 3575.00 178.40 317.70 -384.00 0 0 0 0 2015/10/19 12:44:26.958
12:44:29.115 1
9215 2885461 A11AD2 N170SW 3203 -0.2335800 39.3938100 3575.00 178.90 315.20 -320.00 0 0 0 0 2015/10/19 12:44:27.973
12:44:30.116 1
9215 2885461 A11AD2 N170SW 3203 -0.2338900 39.3940400 3575.00 183.90 314.10 -256.00 0 0 0 0 2015/10/19 12:44:28.583
12:44:31.126 1
9215 2885461 A11AD2 N170SW 3203 -0.2347100 39.3946400 3550.00 178.40 309.30 -128.00 0 0 0 0 2015/10/19 12:44:29.598
12:44:32.123 1
9215 2885461 A11AD2 N170SW 3203 -0.2355300 39.3951600 3550.00 183.00 308.10 0.00 0 0 0 0 2015/10/19 12:44:30.614
12:44:33.129 1
9215 2885461 A11AD2 N170SW 3203 -0.2364400 39.3957400 3550.00 178.10 303.80 64.00 0 0 0 0 2015/10/19 12:44:31.630
12:44:34.128 1
9215 2885461 A11AD2 N170SW 3203 -0.2375800 39.3962900 3550.00 181.10 303.50 0.00 0 0 0 0 2015/10/19 12:44:32.848
12:44:35.131 1
9215 2885461 A11AD2 N170SW 3203 -0.2384600 39.3967400 3575.00 180.90 301.70 -64.00 0 0 0 0 2015/10/19 12:44:33.864
12:44:36.132 1
9215 2885461 A11AD2 N170SW 3203 -0.2395000 39.3972100 3550.00 176.20 297.70 -64.00 0 0 0 0 2015/10/19 12:44:34.880
12:44:37.137 1
9215 2885461 A11AD2 N170SW 3203 -0.2404500 39.3976100 3550.00 176.20 297.00 -64.00 0 0 0 0 2015/10/19 12:44:35.895
12:44:38.139 1
9215 2885461 A11AD2 N170SW 3203 -0.2412800 39.3979800 3550.00 178.50 297.70 -64.00 0 0 0 0 2015/10/19 12:44:36.911
12:44:39.143 1
9215 2885461 A11AD2 N170SW 3203 -0.2423600 39.3983900 3550.00 178.00 296.70 -64.00 0 0 0 0 2015/10/19 12:44:37.927
12:44:40.143 1
9215 2885461 A11AD2 N170SW 3203 -0.2430700 39.3986700 3550.00 178.00 296.70 -64.00 0 0 0 0 2015/10/19 12:44:38.739
12:44:41.148 1
9215 2885461 A11AD2 N170SW 3203 -0.2440800 39.3989700 3550.00 173.10 292.40 0.00 0 0 0 0 2015/10/19 12:44:39.755
12:44:42.150 1
9215 2885461 A11AD2 N170SW 3203 -0.2451800 39.3993900 3550.00 172.30 291.80 -64.00 0 0 0 0 2015/10/19 12:44:40.974
12:44:43.151 1
9215 2885461 A11AD2 N170SW 3203 -0.2460300 39.3996700 3550.00 172.00 291.50 -64.00 0 0 0 0 2015/10/19 12:44:41.786
12:44:44.154 1
9215 2885461 A11AD2 N170SW 3203 -0.2470100 39.3999900 3550.00 174.20 293.30 -64.00 0 0 0 0 2015/10/19 12:44:42.802
12:44:45.161 1
9215 2885461 A11AD2 N170SW 3203 -0.2478600 39.4002800 3550.00 173.90 293.00 -64.00 0 0 0 0 2015/10/19 12:44:43.817
12:44:46.161 1
9215 2885461 A11AD2 N170SW 3203 -0.2488000 39.4005900 3550.00 173.90 293.00 -64.00 0 0 0 0 2015/10/19 12:44:44.630
12:44:47.166 1
9215 2885461 A11AD2 N170SW 3203 -0.2497600 39.4009300 3550.00 173.90 293.00 0.00 0 0 0 0 2015/10/19 12:44:45.646
12:44:48.168 1
9215 2885461 A11AD2 N170SW 3203 -0.2505500 39.4011600 3550.00 173.90 293.00 0.00 0 0 0 0 2015/10/19 12:44:46.661
12:44:49.173 1
9215 2885461 A11AD2 N170SW 3203 -0.2517100 39.4015800 3550.00 174.20 293.30 0.00 0 0 0 0 2015/10/19 12:44:47.677
12:44:50.177 1
9215 2885461 A11AD2 N170SW 3203 -0.2526300 39.4018700 3550.00 173.30 293.50 0.00 0 0 0 0 2015/10/19 12:44:48.693
12:44:51.178 1
9215 2885461 A11AD2 N170SW 3203 -0.2536000 39.4021900 3550.00 173.70 293.80 0.00 0 0 0 0 2015/10/19 12:44:49.708
12:44:52.183 1
9215 2885461 A11AD2 N170SW 3203 -0.2545400 39.4025100 3550.00 173.70 293.80 0.00 0 0 0 0 2015/10/19 12:44:50.724
12:44:53.191 1
9215 2885461 A11AD2 N170SW 3203 -0.2554900 39.4028400 3550.00 170.10 291.70 0.00 0 0 0 0 2015/10/19 12:44:51.740
12:44:54.194 1
9215 2885461 A11AD2 N170SW 3203 -0.2565900 39.4032600 3550.00 169.50 292.20 -64.00 0 0 0 0 2015/10/19 12:44:52.958
12:44:55.200 1
9215 2885461 A11AD2 N170SW 3203 -0.2575800 39.4036100 3550.00 169.50 292.20 -128.00 0 0 0 0 2015/10/19 12:44:53.974
12:44:56.198 1
9215 2885461 A11AD2 N170SW 3203 -0.2581200 39.4038200 3550.00 169.00 292.60 -192.00 0 0 0 0 2015/10/19 12:44:54.583
12:44:57.198 1
9215 2885461 A11AD2 N170SW 3203 -0.2590100 39.4041600 3550.00 169.40 292.90 -256.00 0 0 0 0 2015/10/19 12:44:55.599
12:44:58.201 1
9215 2885461 A11AD2 N170SW 3203 -0.2599500 39.4044700 3550.00 168.50 293.10 -256.00 0 0 0 0 2015/10/19 12:44:56.615
12:44:59.205 1
9215 2885461 A11AD2 N170SW 3203 -0.2612200 39.4049800 3525.00 168.90 293.40 -320.00 0 0 0 0 2015/10/19 12:44:57.833
12:45:00.208 1
9215 2885461 A11AD2 N170SW 3203 -0.2621500 39.4053500 3525.00 168.30 293.80 -320.00 0 0 0 0 2015/10/19 12:44:58.849
12:45:01.210 1
9215 2885461 A11AD2 N170SW 3203 -0.2629400 39.4056300 3525.00 168.30 293.80 -320.00 0 0 0 0 2015/10/19 12:44:59.865
12:45:02.214 1
9215 2885461 A11AD2 N170SW 3203 -0.2639800 39.4060500 3525.00 168.80 294.10 -320.00 0 0 0 0 2015/10/19 12:45:00.880
12:45:03.219 1
9215 2885461 A11AD2 N170SW 3203 -0.2644700 39.4062400 3525.00 168.80 294.10 -384.00 0 0 0 0 2015/10/19 12:45:01.490
12:45:04.219 1
9215 2885461 A11AD2 N170SW 3203 -0.2654400 39.4066100 3500.00 168.30 294.60 -448.00 0 0 0 0 2015/10/19 12:45:02.505
12:45:05.219 1
9215 2885461 A11AD2 N170SW 3203 -0.2665400 39.4070300 3500.00 168.30 294.60 -512.00 0 0 0 0 2015/10/19 12:45:03.724
12:45:06.224 1
9215 2885461 A11AD2 N170SW 3203 -0.2674300 39.4074100 3500.00 168.30 294.60 -576.00 0 0 0 0 2015/10/19 12:45:04.740
12:45:07.227 1
9215 2885461 A11AD2 N170SW 3203 -0.2683700 39.4077700 3475.00 169.20 294.40 -576.00 0 0 0 0 2015/10/19 12:45:05.755
12:45:08.229 1
9215 2885461 A11AD2 N170SW 3203 -0.2692800 39.4081400 3475.00 169.20 294.40 -576.00 0 0 0 0 2015/10/19 12:45:06.771
12:45:09.233 1
9215 2885461 A11AD2 N170SW 3203 -0.2702000 39.4084700 3475.00 169.20 294.40 -576.00 0 0 0 0 2015/10/19 12:45:07.584
12:45:10.235 1
9215 2885461 A11AD2 N170SW 3203 -0.2709400 39.4088000 3450.00 169.20 294.40 -576.00 0 0 0 0 2015/10/19 12:45:08.599
12:45:11.239 1
9215 2885461 A11AD2 N170SW 3203 -0.2718500 39.4091500 3450.00 169.20 294.40 -576.00 0 0 0 0 2015/10/19 12:45:09.615
12:45:12.243 1
9215 2885461 A11AD2 N170SW 3203 -0.2727700 39.4095000 3425.00 169.20 294.40 -576.00 0 0 0 0 2015/10/19 12:45:10.631
12:45:13.248 1
9215 2885461 A11AD2 N170SW 3203 -0.2740600 39.4100200 3425.00 169.20 294.40 -576.00 0 0 0 0 2015/10/19 12:45:11.849
12:45:14.249 1
9215 2885461 A11AD2 N170SW 3203 -0.2746000 39.4102400 3425.00 169.20 294.40 -576.00 0 0 0 0 2015/10/19 12:45:12.459
12:45:15.256 1
9215 2885461 A11AD2 N170SW 3203 -0.2759100 39.4107500 3400.00 169.20 294.40 -640.00 0 0 0 0 2015/10/19 12:45:13.881
12:45:16.254 1
9215 2885461 A11AD2 N170SW 3203 -0.2768600 39.4110800 3400.00 169.20 294.40 -640.00 0 0 0 0 2015/10/19 12:45:14.896
12:45:17.258 1
9215 2885461 A11AD2 N170SW 3203 -0.2777600 39.4114400 3375.00 168.80 294.10 -704.00 0 0 0 0 2015/10/19 12:45:15.912
12:45:18.260 1
9215 2885461 A11AD2 N170SW 3203 -0.2783200 39.4116800 3375.00 167.80 294.30 -704.00 0 0 0 0 2015/10/19 12:45:16.521
12:45:19.266 1
9215 2885461 A11AD2 N170SW 3203 -0.2795500 39.4121700 3350.00 167.80 294.30 -704.00 0 0 0 0 2015/10/19 12:45:17.943
12:45:20.269 1
9215 2885461 A11AD2 N170SW 3203 -0.2805200 39.4125200 3350.00 167.40 294.00 -640.00 0 0 0 0 2015/10/19 12:45:18.959
12:45:21.274 1
9215 2885461 A11AD2 N170SW 3203 -0.2814100 39.4128600 3350.00 167.40 294.00 -640.00 0 0 0 0 2015/10/19 12:45:19.975
12:45:22.275 1
9215 2885461 A11AD2 N170SW 3203 -0.2821800 39.4131800 3325.00 167.40 294.00 -704.00 0 0 0 0 2015/10/19 12:45:20.787
12:45:23.279 1
9215 2885461 A11AD2 N170SW 3203 -0.2830200 39.4135000 3325.00 166.50 294.10 -704.00 0 0 0 0 2015/10/19 12:45:21.803
12:45:24.279 1
9215 2885461 A11AD2 N170SW 3203 -0.2839700 39.4138600 3300.00 166.10 293.80 -640.00 0 0 0 0 2015/10/19 12:45:22.818
12:45:25.283 1
9215 2885461 A11AD2 N170SW 3203 -0.2850500 39.4142800 3300.00 166.50 294.10 -576.00 0 0 0 0 2015/10/19 12:45:23.834
12:45:26.284 1
9215 2885461 A11AD2 N170SW 3203 -0.2857600 39.4145500 3275.00 166.50 294.10 -512.00 0 0 0 0 2015/10/19 12:45:24.850
12:45:27.286 1
9215 2885461 A11AD2 N170SW 3203 -0.2868400 39.4149600 3275.00 167.40 294.00 -512.00 0 0 0 0 2015/10/19 12:45:25.865
12:45:28.290 1
9215 2885461 A11AD2 N170SW 3203 -0.2876700 39.4152800 3275.00 167.40 294.00 -576.00 0 0 0 0 2015/10/19 12:45:26.881
12:45:29.296 1
9215 2885461 A11AD2 N170SW 3203 -0.2886900 39.4157000 3250.00 167.40 294.00 -576.00 0 0 0 0 2015/10/19 12:45:27.897
12:45:30.301 1
9215 2885461 A11AD2 N170SW 3203 -0.2892500 39.4158700 3250.00 168.30 293.80 -640.00 0 0 0 0 2015/10/19 12:45:28.506
12:45:31.306 1
9215 2885461 A11AD2 N170SW 3203 -0.2901800 39.4162400 3225.00 168.30 293.80 -640.00 0 0 0 0 2015/10/19 12:45:29.725
12:45:32.309 1
9215 2885461 A11AD2 N170SW 3203 -0.2914400 39.4167100 3225.00 168.30 293.80 -704.00 0 0 0 0 2015/10/19 12:45:30.944
12:45:33.315 1
9215 2885461 A11AD2 N170SW 3203 -0.2923900 39.4170700 3200.00 168.30 293.80 -704.00 0 0 0 0 2015/10/19 12:45:31.959
12:45:34.318 1
9215 2885461 A11AD2 N170SW 3203 -0.2931700 39.4173900 3200.00 168.30 293.80 -704.00 0 0 0 0 2015/10/19 12:45:32.772
12:45:35.324 1
9215 2885461 A11AD2 N170SW 3203 -0.2937000 39.4176000 3200.00 168.30 293.80 -768.00 0 0 0 0 2015/10/19 12:45:33.381
12:45:36.330 1
9215 2885461 A11AD2 N170SW 3203 -0.2946600 39.4179800 3175.00 168.80 294.10 -832.00 0 0 0 0 2015/10/19 12:45:34.397
12:45:37.331 1
9215 2885461 A11AD2 N170SW 3203 -0.2959000 39.4184300 3150.00 168.80 294.10 -832.00 0 0 0 0 2015/10/19 12:45:35.819
12:45:38.333 1
9215 2885461 A11AD2 N170SW 3203 -0.2968700 39.4188100 3150.00 168.80 294.10 -832.00 0 0 0 0 2015/10/19 12:45:36.834
12:45:39.336 1
9215 2885461 A11AD2 N170SW 3203 -0.2976700 39.4191300 3125.00 168.80 294.10 -768.00 0 0 0 0 2015/10/19 12:45:37.647
12:45:40.343 1
9215 2885461 A11AD2 N170SW 3203 -0.2986000 39.4194900 3125.00 168.30 293.80 -768.00 0 0 0 0 2015/10/19 12:45:38.866
12:45:41.348 1
9215 2885461 A11AD2 N170SW 3203 -0.2996200 39.4198800 3100.00 168.30 293.80 -832.00 0 0 0 0 2015/10/19 12:45:39.881
12:45:42.353 1
9215 2885461 A11AD2 N170SW 3203 -0.3006600 39.4203000 3100.00 168.30 293.80 -832.00 0 0 0 0 2015/10/19 12:45:40.897
12:45:43.357 1
9215 2885461 A11AD2 N170SW 3203 -0.3015300 39.4206400 3075.00 168.30 293.80 -832.00 0 0 0 0 2015/10/19 12:45:41.913
12:45:44.359 1
9215 2885461 A11AD2 N170SW 3203 -0.3032800 39.4212700 3050.00 168.30 293.80 -832.00 0 0 0 0 2015/10/19 12:45:43.741
12:45:45.364 1
9215 2885461 A11AD2 N170SW 3203 -0.3032800 39.4212700 3050.00 168.30 293.80 -832.00 0 0 0 0 2015/10/19 12:45:43.741
12:45:46.367 1
9215 2885461 A11AD2 N170SW 3203 -0.3045100 39.4217400 3025.00 167.90 293.50 -832.00 0 0 0 0 2015/10/19 12:45:45.163
12:45:47.375 1
9215 2885461 A11AD2 N170SW 3203 -0.3055900 39.4221500 3025.00 167.90 293.50 -768.00 0 0 0 0 2015/10/19 12:45:46.382
12:45:48.377 1
9215 2885461 A11AD2 N170SW 3203 -0.3065200 39.4225300 3000.00 167.90 293.50 -768.00 0 0 0 0 2015/10/19 12:45:47.397
12:45:49.378 1
9215 2885461 A11AD2 N170SW 3203 -0.3070800 39.4227400 3000.00 167.00 293.60 -704.00 0 0 0 0 2015/10/19 12:45:48.116
12:45:50.380 1
9215 2885461 A11AD2 N170SW 3203 -0.3085100 39.4232900 2975.00 166.60 293.30 -704.00 0 0 0 0 2015/10/19 12:45:49.632
12:45:51.384 1
9215 2885461 A11AD2 N170SW 3203 -0.3089900 39.4234300 2975.00 165.70 293.50 -704.00 0 0 0 0 2015/10/19 12:45:50.147
12:45:52.386 1
9215 2885461 A11AD2 N170SW 3203 -0.3103600 39.4239800 2950.00 165.70 293.50 -704.00 0 0 0 0 2015/10/19 12:45:51.663
12:45:53.391 1
9215 2885461 A11AD2 N170SW 3203 -0.3113400 39.4243500 2950.00 166.10 293.80 -640.00 0 0 0 0 2015/10/19 12:45:52.679
12:45:54.392 1
9215 2885461 A11AD2 N170SW 3203 -0.3124400 39.4247600 2925.00 166.10 293.80 -640.00 0 0 0 0 2015/10/19 12:45:53.897
12:45:55.398 1
9215 2885461 A11AD2 N170SW 3203 -0.3133500 39.4251300 2900.00 166.10 293.80 -640.00 0 0 0 0 2015/10/19 12:45:54.913
12:45:56.400 1
9215 2885461 A11AD2 N170SW 3203 -0.3143600 39.4254900 2900.00 166.10 293.80 -768.00 0 0 0 0 2015/10/19 12:45:55.929
12:45:57.402 1
9215 2885461 A11AD2 N170SW 3203 -0.3147200 39.4256300 2900.00 166.10 293.80 -832.00 0 0 0 0 2015/10/19 12:45:56.335
12:45:58.403 1
9215 2885461 A11AD2 N170SW 3203 -0.3156100 39.4259700 2875.00 166.10 293.80 -832.00 0 0 0 0 2015/10/19 12:45:57.351
12:45:59.409 1
9215 2885461 A11AD2 N170SW 3203 -0.3170800 39.4265300 2850.00 166.10 293.80 -832.00 0 0 0 0 2015/10/19 12:45:58.976
12:46:00.412 1
9215 2885461 A11AD2 N170SW 3203 -0.3178100 39.4268100 2850.00 165.70 293.50 -960.00 0 0 0 0 2015/10/19 12:45:59.788
12:46:01.411 1
9215 2885461 A11AD2 N170SW 3203 -0.3183600 39.4270000 2850.00 165.70 293.50 -960.00 0 0 0 0 2015/10/19 12:46:00.194
12:46:02.416 1
9215 2885461 A11AD2 N170SW 3203 -0.3192700 39.4273200 2825.00 165.70 293.50 -960.00 0 0 0 0 2015/10/19 12:46:01.413
12:46:03.417 1
9215 2885461 A11AD2 N170SW 3203 -0.3192700 39.4273200 2825.00 165.70 293.50 -960.00 0 0 0 0 2015/10/19 12:46:01.413
12:46:04.424 1
9215 2885461 A11AD2 N170SW 3203 -0.3192700 39.4273200 2825.00 165.70 293.50 -960.00 0 0 0 0 2015/10/19 12:46:01.413
12:46:05.427 1
9215 2885461 A11AD2 N170SW 3203 -0.3219500 39.4283800 2775.00 165.70 293.50 -960.00 0 0 0 0 2015/10/19 12:46:04.257
12:46:06.426 1
9215 2885461 A11AD2 N170SW 3203 -0.3232400 39.4288600 2750.00 165.60 294.20 -768.00 0 0 0 0 2015/10/19 12:46:05.679
12:46:07.429 1
9215 2885461 A11AD2 N170SW 3203 -0.3236100 39.4290000 2750.00 165.60 294.20 -768.00 0 0 0 0 2015/10/19 12:46:06.288
12:46:08.430 1
9215 2885461 A11AD2 N170SW 3203 -0.3245100 39.4293800 2750.00 165.60 294.20 -768.00 0 0 0 0 2015/10/19 12:46:07.116
12:46:09.430 1
9215 2885461 A11AD2 N170SW 3203 -0.3253800 39.4297500 2725.00 164.70 294.40 -768.00 0 0 0 0 2015/10/19 12:46:08.132
12:46:10.435 1
9215 2885461 A11AD2 N170SW 3203 -0.3268400 39.4303000 2700.00 164.70 294.40 -768.00 0 0 0 0 2015/10/19 12:46:09.742
12:46:11.443 1
9215 2885461 A11AD2 N170SW 3203 -0.3277400 39.4306200 2700.00 164.70 294.40 -768.00 0 0 0 0 2015/10/19 12:46:10.757
12:46:12.447 1
9215 2885461 A11AD2 N170SW 3203 -0.3282500 39.4308600 2675.00 165.60 294.20 -704.00 0 0 0 0 2015/10/19 12:46:11.367
12:46:13.450 1
9215 2885461 A11AD2 N170SW 3203 -0.3289800 39.4311400 2675.00 165.20 293.90 -768.00 0 0 0 0 2015/10/19 12:46:12.179
12:46:14.458 1
9215 2885461 A11AD2 N170SW 3203 -0.3300800 39.4315600 2650.00 165.20 293.90 -768.00 0 0 0 0 2015/10/19 12:46:13.398
12:46:15.462 1
9215 2885461 A11AD2 N170SW 3203 -0.3310200 39.4319500 2650.00 164.30 294.10 -768.00 0 0 0 0 2015/10/19 12:46:14.414
12:46:16.468 1
9215 2885461 A11AD2 N170SW 3203 -0.3320400 39.4323100 2625.00 164.30 294.10 -768.00 0 0 0 0 2015/10/19 12:46:15.429
12:46:17.466 1
9215 2885461 A11AD2 N170SW 3203 -0.3329500 39.4326800 2600.00 164.30 294.10 -768.00 0 0 0 0 2015/10/19 12:46:16.648
12:46:18.467 1
9215 2885461 A11AD2 N170SW 3203 -0.3338300 39.4330000 2600.00 163.40 294.20 -768.00 0 0 0 0 2015/10/19 12:46:17.460
12:46:19.468 1
9215 2885461 A11AD2 N170SW 3203 -0.3350200 39.4334700 2575.00 162.50 294.40 -768.00 0 0 0 0 2015/10/19 12:46:18.882
12:46:20.471 1
9215 2885461 A11AD2 N170SW 3203 -0.3359200 39.4338200 2575.00 162.50 294.40 -768.00 0 0 0 0 2015/10/19 12:46:19.898
12:46:21.473 1
9215 2885461 A11AD2 N170SW 3203 -0.3363400 39.4340100 2575.00 161.10 294.20 -704.00 0 0 0 0 2015/10/19 12:46:20.507
12:46:22.475 1
9215 2885461 A11AD2 N170SW 3203 -0.3363400 39.4340100 2575.00 161.10 294.20 -704.00 0 0 0 0 2015/10/19 12:46:20.507
12:46:23.480 1
9215 2885461 A11AD2 N170SW 3203 -0.3380700 39.4346900 2550.00 158.90 294.10 -768.00 0 0 0 0 2015/10/19 12:46:22.539
12:46:24.482 1
9215 2885461 A11AD2 N170SW 3203 -0.3390200 39.4350600 2525.00 158.50 293.80 -768.00 0 0 0 0 2015/10/19 12:46:23.554
12:46:25.484 1
9215 2885461 A11AD2 N170SW 3203 -0.3401000 39.4354200 2525.00 157.20 293.60 -832.00 0 0 0 0 2015/10/19 12:46:24.773
12:46:26.487 1
9215 2885461 A11AD2 N170SW 3203 -0.3409400 39.4357500 2500.00 157.20 293.60 -896.00 0 0 0 0 2015/10/19 12:46:25.789
12:46:27.489 1
9215 2885461 A11AD2 N170SW 3203 -0.3409400 39.4357500 2500.00 159.20 296.10 -960.00 0 0 0 0 2015/10/19 12:46:25.789
12:46:28.494 1
9215 2885461 A11AD2 N170SW 3203 -0.3421900 39.4362500 2475.00 159.20 296.10 -1024.00 0 0 0 0 2015/10/19 12:46:27.148
12:46:29.497 1
9215 2885461 A11AD2 N170SW 3203 -0.3434400 39.4366800 2450.00 158.80 295.80 -1088.00 0 0 0 0 2015/10/19 12:46:28.633
12:46:30.506 1
9215 2885461 A11AD2 N170SW 3203 -0.3442200 39.4369800 2450.00 158.30 295.40 -1088.00 0 0 0 0 2015/10/19 12:46:29.445
12:46:31.510 1
9215 2885461 A11AD2 N170SW 3203 -0.3450300 39.4372900 2425.00 158.30 295.40 -1088.00 0 0 0 0 2015/10/19 12:46:30.461
12:46:32.511 1
9215 2885461 A11AD2 N170SW 3203 -0.3458900 39.4376200 2400.00 157.90 295.10 -1024.00 0 0 0 0 2015/10/19 12:46:31.476
12:46:33.514 1
9215 2885461 A11AD2 N170SW 3203 -0.3458900 39.4376200 2400.00 157.90 295.10 -1024.00 0 0 0 0 2015/10/19 12:46:31.476
12:46:34.516 1
9215 2885461 A11AD2 N170SW 3203 -0.3479200 39.4383500 2350.00 157.00 295.30 -960.00 0 0 0 0 2015/10/19 12:46:33.914
12:46:35.522 1
9215 2885461 A11AD2 N170SW 3203 -0.3487500 39.4386400 2350.00 156.10 295.40 -1024.00 0 0 0 0 2015/10/19 12:46:34.930
12:46:36.522 1
9215 2885461 A11AD2 N170SW 3203 -0.3491800 39.4388200 2325.00 156.10 295.40 -1024.00 0 0 0 0 2015/10/19 12:46:35.336
12:46:37.525 1
9215 2885461 A11AD2 N170SW 3203 -0.3504600 39.4392900 2300.00 156.10 295.40 -1088.00 0 0 0 0 2015/10/19 12:46:36.961
12:46:38.528 1
9215 2885461 A11AD2 N170SW 3203 -0.3509700 39.4394500 2300.00 155.20 295.60 -1088.00 0 0 0 0 2015/10/19 12:46:37.570
12:46:39.533 1
9215 2885461 A11AD2 N170SW 3203 -0.3518100 39.4397500 2275.00 155.20 295.60 -1088.00 0 0 0 0 2015/10/19 12:46:38.586
12:46:40.536 1
9215 2885461 A11AD2 N170SW 3203 -0.3526400 39.4400900 2275.00 154.70 296.10 -960.00 0 0 0 0 2015/10/19 12:46:39.399
12:46:41.538 1
9215 2885461 A11AD2 N170SW 3203 -0.3526400 39.4400900 2275.00 153.80 296.20 -960.00 0 0 0 0 2015/10/19 12:46:39.399
12:46:42.543 1
9215 2885461 A11AD2 N170SW 3203 -0.3544900 39.4408200 2225.00 154.30 296.60 -960.00 0 0 0 0 2015/10/19 12:46:41.836
12:46:43.549 1
9215 2885461 A11AD2 N170SW 3203 -0.3552600 39.4411000 2200.00 153.40 296.70 -960.00 0 0 0 0 2015/10/19 12:46:42.852
12:46:44.548 1
9215 2885461 A11AD2 N170SW 3203 -0.3560800 39.4414300 2200.00 153.40 296.70 -896.00 0 0 0 0 2015/10/19 12:46:43.867
12:46:45.551 1
9215 2885461 A11AD2 N170SW 3203 -0.3569900 39.4418000 2175.00 153.00 297.20 -832.00 0 0 0 0 2015/10/19 12:46:44.883
12:46:46.557 1
9215 2885461 A11AD2 N170SW 3203 -0.3569900 39.4418000 2175.00 152.10 297.40 -832.00 0 0 0 0 2015/10/19 12:46:44.883
12:46:47.562 1
9215 2885461 A11AD2 N170SW 3203 -0.3586400 39.4424500 2150.00 151.20 297.60 -832.00 0 0 0 0 2015/10/19 12:46:46.914
12:46:48.562 1
9215 2885461 A11AD2 N170SW 3203 -0.3593100 39.4427800 2150.00 150.30 297.80 -832.00 0 0 0 0 2015/10/19 12:46:47.930
12:46:49.566 1
9215 2885461 A11AD2 N170SW 3203 -0.3597400 39.4429300 2125.00 150.30 297.80 -832.00 0 0 0 0 2015/10/19 12:46:48.336
12:46:50.574 1
9215 2885461 A11AD2 N170SW 3203 -0.3597400 39.4429300 2125.00 150.30 297.80 -896.00 0 0 0 0 2015/10/19 12:46:48.336
12:46:51.571 1
9215 2885461 A11AD2 N170SW 3203 -0.3615100 39.4436200 2100.00 150.30 297.80 -896.00 0 0 0 0 2015/10/19 12:46:50.571
12:46:52.574 1
9215 2885461 A11AD2 N170SW 3203 -0.3621800 39.4439400 2075.00 150.30 297.80 -896.00 0 0 0 0 2015/10/19 12:46:51.383
12:46:53.576 1
9215 2885461 A11AD2 N170SW 3203 -0.3626100 39.4440800 2075.00 150.30 297.80 -896.00 0 0 0 0 2015/10/19 12:46:52.118
12:46:54.583 1
9215 2885461 A11AD2 N170SW 3203 -0.3640700 39.4446900 2050.00 148.50 298.10 -896.00 0 0 0 0 2015/10/19 12:46:53.821
12:46:55.581 1
9215 2885461 A11AD2 N170SW 3203 -0.3645200 39.4449000 2050.00 148.50 298.10 -896.00 0 0 0 0 2015/10/19 12:46:54.430
12:46:56.586 1
9215 2885461 A11AD2 N170SW 3203 -0.3653600 39.4452700 2025.00 147.60 298.30 -896.00 0 0 0 0 2015/10/19 12:46:55.446
12:46:57.592 1
9215 2885461 A11AD2 N170SW 3203 -0.3660700 39.4455400 2000.00 147.60 298.30 -896.00 0 0 0 0 2015/10/19 12:46:56.461
12:46:58.593 1
9215 2885461 A11AD2 N170SW 3203 -0.3660700 39.4455400 2000.00 142.70 296.20 -832.00 0 0 0 0 2015/10/19 12:46:56.461
12:46:59.597 1
9215 2885461 A11AD2 N170SW 3203 -0.3660700 39.4455400 2000.00 142.70 296.20 -832.00 0 0 0 0 2015/10/19 12:46:56.461
12:47:00.601 1
9215 2885461 A11AD2 N170SW 3203 -0.3660700 39.4455400 2000.00 141.80 296.40 -896.00 0 0 0 0 2015/10/19 12:46:56.461
12:47:01.608 1
9215 2885461 A11AD2 N170SW 3203 -0.3695100 39.4470200 1950.00 141.80 296.40 -896.00 0 0 0 0 2015/10/19 12:47:00.930
12:47:02.611 1
9215 2885461 A11AD2 N170SW 3203 -0.3695100 39.4470200 1950.00 141.80 296.40 -896.00 0 0 0 0 2015/10/19 12:47:00.930
12:47:03.613 1
9215 2885461 A11AD2 N170SW 3203 -0.3695100 39.4470200 1950.00 141.80 296.40 -896.00 0 0 0 0 2015/10/19 12:47:00.930
12:47:04.617 1
9215 2885461 A11AD2 N170SW 3203 -0.3695100 39.4470200 1950.00 145.40 298.30 -1024.00 0 0 0 0 2015/10/19 12:47:00.930
12:47:05.621 1
9215 2885461 A11AD2 N170SW 3203 -0.3695100 39.4470200 1950.00 145.40 298.30 -1024.00 0 0 0 0 2015/10/19 12:47:00.930
12:47:06.625 1
9215 2885461 A11AD2 N170SW 3203 -0.3695100 39.4470200 1950.00 145.40 298.30 -1024.00 0 0 0 0 2015/10/19 12:47:00.930
12:47:07.631 1
9215 2885461 A11AD2 N170SW 3203 -0.3734200 39.4486100 1850.00 146.20 297.30 -1152.00 0 0 0 0 2015/10/19 12:47:06.134
12:47:08.633 1
9215 2885461 A11AD2 N170SW 3203 -0.3734200 39.4486100 1850.00 146.20 296.40 -1216.00 0 0 0 0 2015/10/19 12:47:06.134
12:47:09.651 1
9215 2885461 A11AD2 N170SW 3203 -0.3749100 39.4492000 1825.00 146.20 296.40 -1216.00 0 0 0 0 2015/10/19 12:47:08.118
12:47:10.640 1
9215 2885461 A11AD2 N170SW 3203 -0.3749100 39.4492000 1825.00 146.70 295.90 -1216.00 0 0 0 0 2015/10/19 12:47:08.118
12:47:11.642 1
9215 2885461 A11AD2 N170SW 3203 -0.3768800 39.4499400 1775.00 146.70 295.90 -1216.00 0 0 0 0 2015/10/19 12:47:10.477
12:47:12.646 1
9215 2885461 A11AD2 N170SW 3203 -0.3777700 39.4502600 1750.00 147.20 295.30 -1088.00 0 0 0 0 2015/10/19 12:47:11.493
12:47:13.649 1
9215 2885461 A11AD2 N170SW 3203 -0.3777700 39.4502600 1750.00 147.20 295.30 -1024.00 0 0 0 0 2015/10/19 12:47:11.493
12:47:14.653 1
9215 2885461 A11AD2 N170SW 3203 -0.3777700 39.4502600 1750.00 143.50 292.10 -960.00 0 0 0 0 2015/10/19 12:47:11.493
12:47:15.654 1
9215 2885461 A11AD2 N170SW 3203 -0.3777700 39.4502600 1750.00 143.50 292.10 -960.00 0 0 0 0 2015/10/19 12:47:11.493
12:47:16.655 1
9215 2885461 A11AD2 N170SW 3203 -0.3777700 39.4502600 1750.00 143.50 292.10 -960.00 0 0 0 0 2015/10/19 12:47:11.493
12:47:17.673 1
9215 2885461 A11AD2 N170SW 3203 -0.3818900 39.4517700 1675.00 140.90 291.70 -832.00 0 0 0 0 2015/10/19 12:47:16.774
12:47:18.660 1
9215 2885461 A11AD2 N170SW 3203 -0.3818900 39.4517700 1675.00 140.60 291.30 -896.00 0 0 0 0 2015/10/19 12:47:16.774
12:47:19.667 1
9215 2885461 A11AD2 N170SW 3203 -0.3833000 39.4522300 1625.00 140.20 290.90 -960.00 0 0 0 0 2015/10/19 12:47:18.603
12:47:20.671 1
9215 2885461 A11AD2 N170SW 3203 -0.3833000 39.4522300 1625.00 139.90 290.50 -960.00 0 0 0 0 2015/10/19 12:47:18.603
12:47:21.674 1
9215 2885461 A11AD2 N170SW 3203 -0.3848300 39.4527900 1600.00 138.90 290.70 -1024.00 0 0 0 0 2015/10/19 12:47:20.634
12:47:22.694 1
9215 2885461 A11AD2 N170SW 3203 -0.3851900 39.4528800 1600.00 138.20 289.90 -1088.00 0 0 0 0 2015/10/19 12:47:21.150
12:47:23.680 1
9215 2885461 A11AD2 N170SW 3203 -0.3851900 39.4528800 1600.00 138.20 289.90 -1088.00 0 0 0 0 2015/10/19 12:47:21.150
12:47:24.684 1
9215 2885461 A11AD2 N170SW 3203 -0.3851900 39.4528800 1600.00 139.80 292.70 -1024.00 0 0 0 0 2015/10/19 12:47:21.150
12:47:25.687 1
9215 2885461 A11AD2 N170SW 3203 -0.3879400 39.4537700 1550.00 139.80 292.70 -1024.00 0 0 0 0 2015/10/19 12:47:24.493
12:47:26.692 1
9215 2885461 A11AD2 N170SW 3203 -0.3886100 39.4540000 1525.00 138.50 292.50 -704.00 0 0 0 0 2015/10/19 12:47:25.509
12:47:27.694 1
9215 2885461 A11AD2 N170SW 3203 -0.3890000 39.4541000 1525.00 138.50 292.50 -704.00 0 0 0 0 2015/10/19 12:47:26.118
12:47:28.695 1
9215 2885461 A11AD2 N170SW 3203 -0.3904900 39.4546100 1500.00 136.30 292.40 -640.00 0 0 0 0 2015/10/19 12:47:27.947
12:47:29.699 1
9215 2885461 A11AD2 N170SW 3203 -0.3904900 39.4546100 1500.00 135.40 292.60 -704.00 0 0 0 0 2015/10/19 12:47:27.947
12:47:30.707 1
9215 2885461 A11AD2 N170SW 3203 -0.3919900 39.4550600 1475.00 134.50 292.80 -640.00 0 0 0 0 2015/10/19 12:47:29.978
12:47:31.707 1
9215 2885461 A11AD2 N170SW 3203 -0.3919900 39.4550600 1475.00 132.60 293.10 -768.00 0 0 0 0 2015/10/19 12:47:29.978
12:47:32.707 1
9215 2885461 A11AD2 N170SW 3203 -0.3930100 39.4554400 1450.00 132.10 293.70 -832.00 0 0 0 0 2015/10/19 12:47:31.400
12:47:33.712 1
9215 2885461 A11AD2 N170SW 3203 -0.3940700 39.4558000 1450.00 131.20 293.80 -896.00 0 0 0 0 2015/10/19 12:47:32.822
12:47:34.713 1
9215 2885461 A11AD2 N170SW 3203 -0.3940700 39.4558000 1450.00 131.20 293.80 -896.00 0 0 0 0 2015/10/19 12:47:32.822
12:47:35.714 1
9215 2885461 A11AD2 N170SW 3203 -0.3954500 39.4563000 1400.00 126.50 292.30 -832.00 0 0 0 0 2015/10/19 12:47:34.853
12:47:36.717 1
9215 2885461 A11AD2 N170SW 3203 -0.3954500 39.4563000 1400.00 125.00 293.10 -768.00 0 0 0 0 2015/10/19 12:47:34.853
12:47:37.722 1
9215 2885461 A11AD2 N170SW 3203 -0.3965200 39.4567600 1400.00 124.50 293.70 -640.00 0 0 0 0 2015/10/19 12:47:36.478
12:47:38.722 1
9215 2885461 A11AD2 N170SW 3203 -0.3971600 39.4569800 1375.00 123.10 294.50 -640.00 0 0 0 0 2015/10/19 12:47:37.494
12:47:39.727 1
9215 2885461 A11AD2 N170SW 3203 -0.3971600 39.4569800 1375.00 122.60 295.10 -704.00 0 0 0 0 2015/10/19 12:47:37.494
12:47:40.731 1
9215 2885461 A11AD2 N170SW 3203 -0.3986100 39.4575800 1350.00 122.60 295.10 -704.00 0 0 0 0 2015/10/19 12:47:39.728
12:47:41.736 1
9215 2885461 A11AD2 N170SW 3203 -0.3993900 39.4579500 1350.00 121.20 294.90 -768.00 0 0 0 0 2015/10/19 12:47:40.744
12:47:42.740 1
9215 2885461 A11AD2 N170SW 3203 -0.4000200 39.4581900 1325.00 121.20 294.90 -768.00 0 0 0 0 2015/10/19 12:47:41.759
12:47:43.759 1
9215 2885461 A11AD2 N170SW 3203 -0.4007000 39.4585000 1300.00 121.70 295.30 -704.00 0 0 0 0 2015/10/19 12:47:42.775
12:47:44.747 1
9215 2885461 A11AD2 N170SW 3203 -0.4010000 39.4586300 1300.00 121.20 295.90 -704.00 0 0 0 0 2015/10/19 12:47:43.181
12:47:45.769 1
9215 2885461 A11AD2 N170SW 3203 -0.4020200 39.4590500 1275.00 120.80 295.50 -768.00 0 0 0 0 2015/10/19 12:47:44.806
12:47:46.758 1
9215 2885461 A11AD2 N170SW 3203 -0.4020200 39.4590500 1275.00 120.80 295.50 -768.00 0 0 0 0 2015/10/19 12:47:44.806
12:47:47.763 1
9215 2885461 A11AD2 N170SW 3203 -0.4032000 39.4595400 1275.00 120.80 295.50 -768.00 0 0 0 0 2015/10/19 12:47:46.650
12:47:48.764 1
9215 2885461 A11AD2 N170SW 3203 -0.4035000 39.4596800 1250.00 120.80 295.50 -768.00 0 0 0 0 2015/10/19 12:47:47.119
12:47:49.767 1
9215 2885461 A11AD2 N170SW 3203 -0.4045400 39.4601000 1250.00 121.70 294.20 -448.00 0 0 0 0 2015/10/19 12:47:48.478
12:47:50.770 1
9215 2885461 A11AD2 N170SW 3203 -0.4048500 39.4601900 1250.00 121.70 294.20 -448.00 0 0 0 0 2015/10/19 12:47:49.135
12:47:51.773 1
9215 2885461 A11AD2 N170SW 3203 -0.4048500 39.4601900 1250.00 121.70 294.20 -448.00 0 0 0 0 2015/10/19 12:47:49.135
12:47:52.776 1
9215 2885461 A11AD2 N170SW 3203 -0.4048500 39.4601900 1250.00 120.90 293.40 -448.00 0 0 0 0 2015/10/19 12:47:49.135
12:47:53.782 1
9215 2885461 A11AD2 N170SW 3203 -0.4074700 39.4612100 1200.00 120.50 292.90 -576.00 0 0 0 0 2015/10/19 12:47:52.947
12:47:54.783 1
9215 2885461 A11AD2 N170SW 3203 -0.4078700 39.4613800 1200.00 120.50 292.90 -704.00 0 0 0 0 2015/10/19 12:47:53.557
12:47:55.804 1
9215 2885461 A11AD2 N170SW 3203 -0.4088100 39.4617300 1200.00 123.40 295.90 -704.00 0 0 0 0 2015/10/19 12:47:54.979
12:47:56.789 1
9215 2885461 A11AD2 N170SW 3203 -0.4090600 39.4618200 1175.00 123.40 295.90 -640.00 0 0 0 0 2015/10/19 12:47:55.588
12:47:57.791 1
9215 2885461 A11AD2 N170SW 3203 -0.4090600 39.4618200 1175.00 123.40 295.90 -640.00 0 0 0 0 2015/10/19 12:47:55.588
12:47:58.795 1
9215 2885461 A11AD2 N170SW 3203 -0.4101000 39.4622400 1175.00 123.00 295.50 -384.00 0 0 0 0 2015/10/19 12:47:57.229
12:47:59.797 1
9215 2885461 A11AD2 N170SW 3203 -0.4110300 39.4625700 1150.00 123.00 295.50 -384.00 0 0 0 0 2015/10/19 12:47:58.432
12:48:00.799 1
9215 2885461 A11AD2 N170SW 3203 -0.4119900 39.4629400 1150.00 123.00 295.50 -512.00 0 0 0 0 2015/10/19 12:47:59.854
12:48:01.818 1
9215 2885461 A11AD2 N170SW 3203 -0.4123500 39.4630700 1150.00 122.10 295.70 -640.00 0 0 0 0 2015/10/19 12:48:00.463
12:48:02.807 1
9215 2885461 A11AD2 N170SW 3203 -0.4134200 39.4634900 1125.00 122.50 296.10 -640.00 0 0 0 0 2015/10/19 12:48:01.885
12:48:03.805 1
9215 2885461 A11AD2 N170SW 3203 -0.4136600 39.4635800 1125.00 122.50 296.10 -640.00 0 0 0 0 2015/10/19 12:48:02.291
12:48:04.813 1
9215 2885461 A11AD2 N170SW 3203 -0.4147300 39.4639900 1100.00 122.50 296.10 -640.00 0 0 0 0 2015/10/19 12:48:03.916
12:48:05.813 1
9215 2885461 A11AD2 N170SW 3203 -0.4147300 39.4639900 1100.00 119.60 293.10 -832.00 0 0 0 0 2015/10/19 12:48:03.916
12:48:06.814 1
9215 2885461 A11AD2 N170SW 3203 -0.4147300 39.4639900 1100.00 120.50 292.90 -640.00 0 0 0 0 2015/10/19 12:48:03.916
12:48:07.820 1
9215 2885461 A11AD2 N170SW 3203 -0.4165000 39.4646600 1075.00 121.50 292.80 -512.00 0 0 0 0 2015/10/19 12:48:06.760
12:48:08.821 1
9215 2885461 A11AD2 N170SW 3203 -0.4165000 39.4646600 1075.00 124.30 295.70 -384.00 0 0 0 0 2015/10/19 12:48:06.760
12:48:09.826 1
9215 2885461 A11AD2 N170SW 3203 -0.4165000 39.4646600 1075.00 124.30 295.70 -384.00 0 0 0 0 2015/10/19 12:48:06.760
12:48:10.845 1
9215 2885461 A11AD2 N170SW 3203 -0.4180300 39.4652200 1050.00 123.90 295.30 -384.00 0 0 0 0 2015/10/19 12:48:09.213
12:48:11.829 1
9215 2885461 A11AD2 N170SW 3203 -0.4180300 39.4652200 1050.00 123.50 294.90 -448.00 0 0 0 0 2015/10/19 12:48:09.213
12:48:12.833 1
9215 2885461 A11AD2 N170SW 3203 -0.4198100 39.4658700 1050.00 123.50 294.90 -640.00 0 0 0 0 2015/10/19 12:48:11.432
12:48:13.836 1
9215 2885461 A11AD2 N170SW 3203 -0.4204700 39.4661000 1025.00 124.00 294.30 -704.00 0 0 0 0 2015/10/19 12:48:12.651
12:48:14.836 1
9215 2885461 A11AD2 N170SW 3203 -0.4211800 39.4663200 1025.00 124.00 294.30 -768.00 0 0 0 0 2015/10/19 12:48:13.667
12:48:15.838 1
9215 2885461 A11AD2 N170SW 3203 -0.4214800 39.4664600 1000.00 124.00 294.30 -768.00 0 0 0 0 2015/10/19 12:48:14.120
12:48:16.843 1
9215 2885461 A11AD2 N170SW 3203 -0.4227300 39.4669200 1000.00 124.40 294.70 -576.00 0 0 0 0 2015/10/19 12:48:15.901
12:48:17.863 1
9215 2885461 A11AD2 N170SW 3203 -0.4227300 39.4669200 1000.00 124.40 294.70 -512.00 0 0 0 0 2015/10/19 12:48:15.901
12:48:18.847 1
9215 2885461 A11AD2 N170SW 3203 -0.4241100 39.4673800 975.00 123.90 295.30 -448.00 0 0 0 0 2015/10/19 12:48:17.932
12:48:19.852 1
9215 2885461 A11AD2 N170SW 3203 -0.4245000 39.4675500 975.00 123.00 295.50 -192.00 0 0 0 0 2015/10/19 12:48:18.542
12:48:20.853 1
9215 2885461 A11AD2 N170SW 3203 -0.4245000 39.4675500 975.00 123.00 295.50 -192.00 0 0 0 0 2015/10/19 12:48:18.542
12:48:21.856 1
9215 2885461 A11AD2 N170SW 3203 -0.4255400 39.4679600 975.00 123.00 295.50 -192.00 0 0 0 0 2015/10/19 12:48:20.167
12:48:22.865 1
9215 2885461 A11AD2 N170SW 3203 -0.4255400 39.4679600 975.00 123.00 295.50 -192.00 0 0 0 0 2015/10/19 12:48:20.167
12:48:23.862 1
9215 2885461 A11AD2 N170SW 3203 -0.4271200 39.4685700 950.00 120.00 293.60 -384.00 0 0 0 0 2015/10/19 12:48:22.604
12:48:24.863 1
9215 2885461 A11AD2 N170SW 3203 -0.4276700 39.4687600 950.00 120.00 293.60 -576.00 0 0 0 0 2015/10/19 12:48:23.417
12:48:25.866 1
9215 2885461 A11AD2 N170SW 3203 -0.4276700 39.4687600 950.00 120.90 293.40 -512.00 0 0 0 0 2015/10/19 12:48:23.417
12:48:26.867 1
9215 2885461 A11AD2 N170SW 3203 -0.4291200 39.4693500 925.00 121.30 293.80 -512.00 0 0 0 0 2015/10/19 12:48:25.651
12:48:27.888 1
9215 2885461 A11AD2 N170SW 3203 -0.4291200 39.4693500 925.00 121.30 293.80 -512.00 0 0 0 0 2015/10/19 12:48:25.651
12:48:28.874 1
9215 2885461 A11AD2 N170SW 3203 -0.4291200 39.4693500 925.00 121.90 293.20 -640.00 0 0 0 0 2015/10/19 12:48:25.651
12:48:29.876 1
9215 2885461 A11AD2 N170SW 3203 -0.4309700 39.4700800 900.00 122.40 292.60 -704.00 0 0 0 0 2015/10/19 12:48:28.495
12:48:30.894 1
9215 2885461 A11AD2 N170SW 3203 -0.4320500 39.4704400 900.00 125.20 295.50 -704.00 0 0 0 0 2015/10/19 12:48:29.917
12:48:31.899 1
9215 2885461 A11AD2 N170SW 3203 -0.4325000 39.4706200 875.00 125.20 295.50 -512.00 0 0 0 0 2015/10/19 12:48:30.526
12:48:32.898 1
9215 2885461 A11AD2 N170SW 3203 -0.4334200 39.4709900 875.00 125.20 295.50 -320.00 0 0 0 0 2015/10/19 12:48:31.948
12:48:33.900 1
9215 2885461 A11AD2 N170SW 3203 -0.4338400 39.4711300 850.00 122.40 292.60 -384.00 0 0 0 0 2015/10/19 12:48:32.558
12:48:34.901 1
9215 2885461 A11AD2 N170SW 3203 -0.4338400 39.4711300 850.00 122.40 292.60 -384.00 0 0 0 0 2015/10/19 12:48:32.558
12:48:35.884 1
9215 2885461 A11AD2 N170SW 3203 -0.4353300 39.4716800 850.00 121.50 292.80 -512.00 0 0 0 0 2015/10/19 12:48:34.792
12:48:36.890 1
9215 2885461 A11AD2 N170SW 3203 -0.4359700 39.4719200 825.00 122.40 292.60 -512.00 0 0 0 0 2015/10/19 12:48:35.808
12:48:37.896 1
9215 2885461 A11AD2 N170SW 3203 -0.4366500 39.4721800 825.00 122.40 292.60 -512.00 0 0 0 0 2015/10/19 12:48:36.823
12:48:38.899 1
9215 2885461 A11AD2 N170SW 3203 -0.4373200 39.4724300 825.00 122.40 292.60 -448.00 0 0 0 0 2015/10/19 12:48:37.839
12:48:39.904 1
9215 2885461 A11AD2 N170SW 3203 -0.4380200 39.4726900 825.00 121.50 292.80 -448.00 0 0 0 0 2015/10/19 12:48:38.855
12:48:40.905 1
9215 2885461 A11AD2 N170SW 3203 -0.4385000 39.4729200 800.00 121.90 293.20 -512.00 0 0 0 0 2015/10/19 12:48:39.667
12:48:41.909 1
9215 2885461 A11AD2 N170SW 3203 -0.4385000 39.4729200 800.00 120.90 293.40 -576.00 0 0 0 0 2015/10/19 12:48:39.667
12:48:42.912 1
9215 2885461 A11AD2 N170SW 3203 -0.4398700 39.4734200 800.00 121.30 293.80 -512.00 0 0 0 0 2015/10/19 12:48:41.699
12:48:43.913 1
9215 2885461 A11AD2 N170SW 3203 -0.4404900 39.4736900 775.00 121.30 293.80 -448.00 0 0 0 0 2015/10/19 12:48:42.511
12:48:44.915 1
9215 2885461 A11AD2 N170SW 3203 -0.4411800 39.4739700 775.00 122.20 293.60 -448.00 0 0 0 0 2015/10/19 12:48:43.527
12:48:45.920 1
9215 2885461 A11AD2 N170SW 3203 -0.4418900 39.4742500 775.00 122.20 293.60 -512.00 0 0 0 0 2015/10/19 12:48:44.745
12:48:46.922 1
9215 2885461 A11AD2 N170SW 3203 -0.4428000 39.4746100 750.00 122.20 293.60 -512.00 0 0 0 0 2015/10/19 12:48:45.964
12:48:47.926 1
9215 2885461 A11AD2 N170SW 3203 -0.4434800 39.4748500 750.00 123.20 293.40 -576.00 0 0 0 0 2015/10/19 12:48:46.980
12:48:48.930 1
9215 2885461 A11AD2 N170SW 3203 -0.4439300 39.4750200 750.00 123.20 293.40 -640.00 0 0 0 0 2015/10/19 12:48:47.589
12:48:49.929 1
9215 2885461 A11AD2 N170SW 3203 -0.4445200 39.4752700 725.00 122.80 293.00 -640.00 0 0 0 0 2015/10/19 12:48:48.605
12:48:50.934 1
9215 2885461 A11AD2 N170SW 3203 -0.4448200 39.4753700 725.00 123.70 292.80 -640.00 0 0 0 0 2015/10/19 12:48:49.121
12:48:51.939 1
9215 2885461 A11AD2 N170SW 3203 -0.4455400 39.4756600 725.00 123.70 292.80 -640.00 0 0 0 0 2015/10/19 12:48:50.121
12:48:52.944 1
9215 2885461 A11AD2 N170SW 3203 -0.4461700 39.4758800 700.00 123.30 292.40 -640.00 0 0 0 0 2015/10/19 12:48:51.121
12:48:53.950 1
9215 2885461 A11AD2 N170SW 3203 -0.4474500 39.4763500 675.00 123.30 292.40 -576.00 0 0 0 0 2015/10/19 12:48:52.871
12:48:54.949 1
9215 2885461 A11AD2 N170SW 3203 -0.4481200 39.4766200 675.00 123.30 292.40 -576.00 0 0 0 0 2015/10/19 12:48:53.886
12:48:55.956 1
9215 2885461 A11AD2 N170SW 3203 -0.4485300 39.4767600 675.00 123.30 292.40 -640.00 0 0 0 0 2015/10/19 12:48:54.496
12:48:56.958 1
9215 2885461 A11AD2 N170SW 3203 -0.4492200 39.4770400 650.00 123.30 292.40 -704.00 0 0 0 0 2015/10/19 12:48:55.511
12:48:57.961 1
9215 2885461 A11AD2 N170SW 3203 -0.4499000 39.4772600 650.00 123.30 292.40 -704.00 0 0 0 0 2015/10/19 12:48:56.527
12:48:58.967 1
9215 2885461 A11AD2 N170SW 3203 -0.4509800 39.4776800 625.00 126.10 295.30 -768.00 0 0 0 0 2015/10/19 12:48:57.949
12:48:59.983 1
9215 2885461 A11AD2 N170SW 3203 -0.4516600 39.4779300 625.00 126.10 295.30 -768.00 0 0 0 0 2015/10/19 12:48:58.965
12:49:00.970 1
9215 2885461 A11AD2 N170SW 3203 -0.4519000 39.4780200 600.00 126.10 295.30 -832.00 0 0 0 0 2015/10/19 12:48:59.574
12:49:01.992 1
9215 2885461 A11AD2 N170SW 3203 -0.4527600 39.4783500 600.00 126.10 295.30 -832.00 0 0 0 0 2015/10/19 12:49:00.590
12:49:02.981 1
9215 2885461 A11AD2 N170SW 3203 -0.4534200 39.4785900 575.00 126.10 295.30 -896.00 0 0 0 0 2015/10/19 12:49:01.808
12:49:03.983 1
9215 2885461 A11AD2 N170SW 3203 -0.4542000 39.4788700 575.00 123.30 292.40 -768.00 0 0 0 0 2015/10/19 12:49:02.824
12:49:04.986 1
9215 2885461 A11AD2 N170SW 3203 -0.4549000 39.4791400 550.00 123.70 292.80 -768.00 0 0 0 0 2015/10/19 12:49:03.840
12:49:05.993 1
9215 2885461 A11AD2 N170SW 3203 -0.4555700 39.4794200 525.00 123.20 293.40 -768.00 0 0 0 0 2015/10/19 12:49:04.855
12:49:06.995 1
9215 2885461 A11AD2 N170SW 3203 -0.4563000 39.4797000 525.00 123.60 293.90 -768.00 0 0 0 0 2015/10/19 12:49:05.871
12:49:07.997 1
9215 2885461 A11AD2 N170SW 3203 -0.4563000 39.4797000 525.00 123.60 293.90 -768.00 0 0 0 0 2015/10/19 12:49:05.871
12:49:08.998 1
9215 2885461 A11AD2 N170SW 3203 -0.4574900 39.4801500 500.00 123.20 293.40 -768.00 0 0 0 0 2015/10/19 12:49:07.496
12:49:10.000 1
9215 2885461 A11AD2 N170SW 3203 -0.4581900 39.4804400 500.00 123.20 293.40 -832.00 0 0 0 0 2015/10/19 12:49:08.715
12:49:11.009 1
9215 2885461 A11AD2 N170SW 3203 -0.4588000 39.4807000 475.00 123.20 293.40 -896.00 0 0 0 0 2015/10/19 12:49:09.730
12:49:12.008 1
9215 2885461 A11AD2 N170SW 3203 -0.4591600 39.4807900 475.00 123.20 293.40 -896.00 0 0 0 0 2015/10/19 12:49:10.137
12:49:13.012 1
9215 2885461 A11AD2 N170SW 3203 -0.4601700 39.4812000 450.00 121.90 293.20 -768.00 0 0 0 0 2015/10/19 12:49:11.559
12:49:14.012 1
9215 2885461 A11AD2 N170SW 3203 -0.4601700 39.4812000 450.00 120.90 293.40 -640.00 0 0 0 0 2015/10/19 12:49:11.559
12:49:15.011 1
9215 2885461 A11AD2 N170SW 3203 -0.4613600 39.4816500 425.00 120.50 292.90 -640.00 0 0 0 0 2015/10/19 12:49:13.590
12:49:16.015 1
9215 2885461 A11AD2 N170SW 3203 -0.4621600 39.4819800 425.00 120.50 292.90 -640.00 0 0 0 0 2015/10/19 12:49:14.606
12:49:17.019 1
9215 2885461 A11AD2 N170SW 3203 -0.4628000 39.4822100 400.00 122.50 296.10 -640.00 0 0 0 0 2015/10/19 12:49:15.621
12:49:18.042 1
9215 2885461 A11AD2 N170SW 3203 -0.4628000 39.4822100 400.00 122.50 296.10 -640.00 0 0 0 0 2015/10/19 12:49:15.621
12:49:19.026 1
9215 2885461 A11AD2 N170SW 3203 -0.4641100 39.4827100 375.00 120.80 295.50 -768.00 0 0 0 0 2015/10/19 12:49:17.449
12:49:20.032 1
9215 2885461 A11AD2 N170SW 3203 -0.4648900 39.4829900 375.00 120.80 295.50 -704.00 0 0 0 0 2015/10/19 12:49:18.871
12:49:21.035 1
9215 2885461 A11AD2 N170SW 3203 -0.4648900 39.4829900 375.00 120.80 295.50 -704.00 0 0 0 0 2015/10/19 12:49:18.871
12:49:22.033 1
9215 2885461 A11AD2 N170SW 3203 -0.4659000 39.4834000 350.00 119.90 295.70 -640.00 0 0 0 0 2015/10/19 12:49:20.293
12:49:23.034 1
9215 2885461 A11AD2 N170SW 3203 -0.4659000 39.4834000 350.00 119.90 295.70 -640.00 0 0 0 0 2015/10/19 12:49:20.293
12:49:24.040 1
9215 2885461 A11AD2 N170SW 3203 -0.4672800 39.4838600 325.00 119.90 295.70 -640.00 0 0 0 0 2015/10/19 12:49:22.528
12:49:25.041 1
9215 2885461 A11AD2 N170SW 3203 -0.4672800 39.4838600 325.00 119.90 295.70 -640.00 0 0 0 0 2015/10/19 12:49:22.528
12:49:26.046 1
9215 2885461 A11AD2 N170SW 3203 -0.4672800 39.4838600 325.00 117.60 295.70 -448.00 0 0 0 0 2015/10/19 12:49:22.528
12:49:27.048 1
9215 2885461 A11AD2 N170SW 3203 -0.4672800 39.4838600 325.00 117.60 295.70 -448.00 0 0 0 0 2015/10/19 12:49:22.528
12:49:28.049 1
9215 2885461 A11AD2 N170SW 3203 -0.4672800 39.4838600 325.00 117.60 295.70 -448.00 0 0 0 0 2015/10/19 12:49:22.528
12:49:29.052 1
9215 2885461 A11AD2 N170SW 3203 -0.4672800 39.4838600 325.00 117.60 295.70 -448.00 0 0 0 0 2015/10/19 12:49:22.528
12:49:30.058 1
9215 2885461 A11AD2 N170SW 3203 -0.4672800 39.4838600 325.00 117.60 295.70 -448.00 0 0 0 0 2015/10/19 12:49:22.528
12:49:31.058 1
9215 2885461 A11AD2 N170SW 3203 -0.4672800 39.4838600 325.00 117.60 295.70 -448.00 0 0 0 0 2015/10/19 12:49:22.528
12:49:32.060 1
9215 2885461 A11AD2 N170SW 3203 -0.4672800 39.4838600 325.00 117.60 295.70 -448.00 0 0 0 0 2015/10/19 12:49:22.528
12:49:33.064 1
9215 2885461 A11AD2 N170SW 3203 -0.4672800 39.4838600 325.00 117.60 295.70 -448.00 0 0 0 0 2015/10/19 12:49:22.528
12:49:34.067 1
9215 2885461 A11AD2 N170SW 3203 -0.4672800 39.4838600 325.00 117.60 295.70 -448.00 0 0 0 0 2015/10/19 12:49:22.528
12:49:35.069 1
9215 2885461 A11AD2 N170SW 3203 -0.4672800 39.4838600 325.00 117.60 295.70 -448.00 0 0 0 0 2015/10/19 12:49:22.528
12:49:36.076 1
9215 2885461 A11AD2 N170SW 3203 -0.4672800 39.4838600 325.00 117.60 295.70 -448.00 0 0 0 0 2015/10/19 12:49:22.528
12:49:37.073 1
9215 2885461 A11AD2 N170SW 3203 -0.4672800 39.4838600 325.00 117.60 295.70 -448.00 0 0 0 0 2015/10/19 12:49:22.528
12:49:38.080 1
9215 2885461 A11AD2 N170SW 3203 -0.4672800 39.4838600 325.00 117.60 295.70 -448.00 0 0 0 0 2015/10/19 12:49:22.528
12:49:39.082 1
9215 2885461 A11AD2 N170SW 3203 -0.4672800 39.4838600 325.00 117.60 295.70 -448.00 0 0 0 0 2015/10/19 12:49:22.528
12:49:40.085 1
9215 2885461 A11AD2 N170SW 3203 -0.4672800 39.4838600 325.00 117.60 295.70 -448.00 0 0 0 0 2015/10/19 12:49:22.528
12:49:41.090 1
9215 2885461 A11AD2 N170SW 3203 -0.4672800 39.4838600 325.00 117.60 295.70 -448.00 0 0 0 0 2015/10/19 12:49:22.528
12:49:42.092 1
9215 2885461 A11AD2 N170SW 3203 -0.4672800 39.4838600 325.00 117.60 295.70 -448.00 0 0 0 0 2015/10/19 12:49:22.528
12:49:43.091 1
9215 2885461 A11AD2 N170SW 3203 -0.4672800 39.4838600 325.00 117.60 295.70 -448.00 0 0 0 0 2015/10/19 12:49:22.528
12:49:44.092 1
9215 2885461 A11AD2 N170SW 3203 -0.4672800 39.4838600 325.00 117.60 295.70 -448.00 0 0 0 0 2015/10/19 12:49:22.528
12:49:45.093 1
9215 2885461 A11AD2 N170SW 3203 -0.4672800 39.4838600 325.00 117.60 295.70 -448.00 0 0 0 0 2015/10/19 12:49:22.528
12:49:46.100 1
9215 2885461 A11AD2 N170SW 3203 -0.4672800 39.4838600 325.00 117.60 295.70 -448.00 0 0 0 0 2015/10/19 12:49:22.528
12:49:47.103 1
9215 2885461 A11AD2 N170SW 3203 -0.4807300 39.4889900  0.00 92.00 298.10 -448.00 0 0 0 - 1 2015/10/19
12:49:45.122 12:49:48.107 1
9215 2885461 A11AD2 N170SW 3203 -0.4807300 39.4889900  0.00 92.00 298.10 -448.00 0 0 0 - 1 2015/10/19
12:49:45.122 12:49:49.106 1
9215 2885461 A11AD2 N170SW 3203 -0.4807300 39.4889900  0.00 92.00 298.10 -448.00 0 0 0 - 1 2015/10/19
12:49:45.122 12:49:50.110 1
9215 2885461 A11AD2 N170SW 3203 -0.4807300 39.4889900  0.00 92.00 298.10 -448.00 0 0 0 - 1 2015/10/19
12:49:45.122 12:49:51.115 1
9215 2885461 A11AD2 N170SW 3203 -0.4807300 39.4889900  0.00 92.00 298.10 -448.00 0 0 0 - 1 2015/10/19
12:49:45.122 12:49:52.121 1
9215 2885461 A11AD2 N170SW 3203 -0.4807300 39.4889900  0.00 92.00 298.10 -448.00 0 0 0 - 1 2015/10/19
12:49:45.122 12:49:53.121 1
9215 2885461 A11AD2 N170SW 3203 -0.4807300 39.4889900  0.00 92.00 298.10 -448.00 0 0 0 - 1 2015/10/19
12:49:45.122 12:49:54.121 1
9215 2885461 A11AD2 N170SW 3203 -0.4807300 39.4889900  0.00 92.00 298.10 -448.00 0 0 0 - 1 2015/10/19
12:49:45.122 12:49:55.124 1
9215 2885461 A11AD2 N170SW 3203 -0.4807300 39.4889900  0.00 92.00 298.10 -448.00 0 0 0 - 1 2015/10/19
12:49:45.122 12:49:56.125 1
9215 2885461 A11AD2 N170SW 3203 -0.4807300 39.4889900  0.00 92.00 298.10 -448.00 0 0 0 - 1 2015/10/19
12:49:45.122 12:49:57.129 1
9215 2885461 A11AD2 N170SW 3203 -0.4807300 39.4889900  0.00 92.00 298.10 -448.00 0 0 0 - 1 2015/10/19
12:49:45.122 12:49:58.132 1
9215 2885461 A11AD2 N170SW 3203 -0.4807300 39.4889900  0.00 92.00 298.10 -448.00 0 0 0 - 1 2015/10/19
12:49:45.122 12:49:59.133 1
9215 2885461 A11AD2 N170SW 3203 -0.4807300 39.4889900  0.00 92.00 298.10 -448.00 0 0 0 - 1 2015/10/19
12:49:45.122 12:50:00.137 1
9215 2885461 A11AD2 N170SW 3203 -0.4807300 39.4889900  0.00 92.00 298.10 -448.00 0 0 0 - 1 2015/10/19
12:49:45.122 12:50:01.140 1
9215 2885461 A11AD2 N170SW 3203 -0.4807300 39.4889900  0.00 92.00 298.10 -448.00 0 0 0 - 1 2015/10/19
12:49:45.122 12:50:02.143 1
9215 2885461 A11AD2 N170SW 3203 -0.4807300 39.4889900  0.00 92.00 298.10 -448.00 0 0 0 - 1 2015/10/19
12:49:45.122 12:50:03.145 1
9215 2885461 A11AD2 N170SW 3203 -0.4807300 39.4889900  0.00 92.00 298.10 -448.00 0 0 0 - 1 2015/10/19
12:49:45.122 12:50:04.148 1
9215 2885461 A11AD2 N170SW 3203 -0.4807300 39.4889900  0.00 92.00 298.10 -448.00 0 0 0 - 1 2015/10/19
12:49:45.122 12:50:05.150 1
9215 2885461 A11AD2 N170SW 3203 -0.4807300 39.4889900  0.00 92.00 298.10 -448.00 0 0 0 - 1 2015/10/19
12:49:45.122 12:50:06.153 1
9215 2885461 A11AD2 N170SW 3203 -0.4807300 39.4889900  0.00 92.00 298.10 -448.00 0 0 0 - 1 2015/10/19
12:49:45.122 12:50:07.155 1
9215 2885461 A11AD2 N170SW 3203 -0.4807300 39.4889900  0.00 92.00 298.10 -448.00 0 0 0 - 1 2015/10/19
12:49:45.122 12:50:08.157 1
9215 2885461 A11AD2 N170SW 3203 -0.4807300 39.4889900  0.00 92.00 298.10 -448.00 0 0 0 - 1 2015/10/19
12:49:45.122 12:50:09.161 1
9215 2885461 A11AD2 N170SW 3203 -0.4807300 39.4889900  0.00 92.00 298.10 -448.00 0 0 0 - 1 2015/10/19
12:49:45.122 12:50:10.163 1
9215 2885461 A11AD2 N170SW 3203 -0.4807300 39.4889900  0.00 92.00 298.10 -448.00 0 0 0 - 1 2015/10/19
12:49:45.122 12:50:11.165 1
9215 2885461 A11AD2 N170SW 3203 -0.4807300 39.4889900  0.00 92.00 298.10 -448.00 0 0 0 - 1 2015/10/19
12:49:45.122 12:50:12.171 1
9215 2885461 A11AD2 N170SW 3203 -0.4807300 39.4889900  0.00 92.00 298.10 -448.00 0 0 0 - 1 2015/10/19
12:49:45.122 12:50:13.186 1
9215 2885461 A11AD2 N170SW 3203 -0.4807300 39.4889900  0.00 92.00 298.10 -448.00 0 0 0 - 1 2015/10/19
12:49:45.122 12:50:14.174 1
9215 2885461 A11AD2 N170SW 3203 -0.4807300 39.4889900  0.00 92.00 298.10 -448.00 0 0 0 - 1 2015/10/19
12:49:45.122 12:50:15.177 1
9215 2885461 A11AD2 N170SW 3203 -0.4807300 39.4889900  0.00 92.00 298.10 -448.00 0 0 0 - 1 2015/10/19
12:49:45.122 12:50:16.178 1
9215 2885461 A11AD2 N170SW 3203 -0.4807300 39.4889900  0.00 92.00 298.10 -448.00 0 0 0 - 1 2015/10/19
12:49:45.122 12:50:17.197 1
9215 2885461 A11AD2 N170SW 3203 -0.4807300 39.4889900  0.00 92.00 298.10 -448.00 0 0 0 - 1 2015/10/19
12:49:45.122 12:50:18.184 1
9215 2885461 A11AD2 N170SW 3203 -0.4807300 39.4889900  0.00 92.00 298.10 -448.00 0 0 0 - 1 2015/10/19
12:49:45.122 12:50:19.188 1
9215 2885461 A11AD2 N170SW 3203 -0.4807300 39.4889900  0.00 92.00 298.10 -448.00 0 0 0 - 1 2015/10/19
12:49:45.122 12:50:20.192 1
9215 2885461 A11AD2 N170SW 3203 -0.4807300 39.4889900  0.00 92.00 298.10 -448.00 0 0 0 - 1 2015/10/19
12:49:45.122 12:50:21.192 1
9215 2885461 A11AD2 N170SW 3203 -0.4807300 39.4889900  0.00 92.00 298.10 -448.00 0 0 0 - 1 2015/10/19
12:49:45.122 12:50:22.196 1
9215 2885461 A11AD2 N170SW 3203 -0.4807300 39.4889900  0.00 92.00 298.10 -448.00 0 0 0 - 1 2015/10/19
12:49:45.122 12:50:23.201 1
9215 2885461 A11AD2 N170SW 3203 -0.4807300 39.4889900  0.00 92.00 298.10 -448.00 0 0 0 - 1 2015/10/19
12:49:45.122 12:50:24.206 1
9215 2885461 A11AD2 N170SW 3203 -0.4807300 39.4889900  0.00 92.00 298.10 -448.00 0 0 0 - 1 2015/10/19
12:49:45.122 12:50:25.206 1
9215 2885461 A11AD2 N170SW 3203 -0.4807300 39.4889900  0.00 92.00 298.10 -448.00 0 0 0 - 1 2015/10/19
12:49:45.122 12:50:26.210 1
9215 2885461 A11AD2 N170SW 3203 -0.4807300 39.4889900  0.00 92.00 298.10 -448.00 0 0 0 - 1 2015/10/19
12:49:45.122 12:50:27.214 1
9215 2885461 A11AD2 N170SW 3203 -0.4807300 39.4889900  0.00 92.00 298.10 -448.00 0 0 0 - 1 2015/10/19
12:49:45.122 12:50:28.221 1
9215 2885461 A11AD2 N170SW 3203 -0.4807300 39.4889900  0.00 92.00 298.10 -448.00 0 0 0 - 1 2015/10/19
12:49:45.122 12:50:29.221 1
9215 2885461 A11AD2 N170SW 3203 -0.4807300 39.4889900  0.00 92.00 298.10 -448.00 0 0 0 - 1 2015/10/19
12:49:45.122 12:50:30.223 1
9215 2885461 A11AD2 N170SW 3203 -0.4807300 39.4889900  0.00 92.00 298.10 -448.00 0 0 0 - 1 2015/10/19
12:49:45.122 12:50:31.227 1
9215 2885461 A11AD2 N170SW 3203 -0.4807300 39.4889900  0.00 92.00 298.10 -448.00 0 0 0 - 1 2015/10/19
12:49:45.122 12:50:32.233 1
9215 2885461 A11AD2 N170SW 3203 -0.4807300 39.4889900  0.00 92.00 298.10 -448.00 0 0 0 - 1 2015/10/19
12:49:45.122 12:50:33.233 1
9215 2885461 A11AD2 N170SW 3203 -0.4807300 39.4889900  0.00 92.00 298.10 -448.00 0 0 0 - 1 2015/10/19
12:49:45.122 12:50:34.240 1
9215 2885461 A11AD2 N170SW 3203 -0.4807300 39.4889900  0.00 92.00 298.10 -448.00 0 0 0 - 1 2015/10/19
12:49:45.122 12:50:35.242 1
9215 2885461 A11AD2 N170SW 3203 -0.4807300 39.4889900  0.00 92.00 298.10 -448.00 0 0 0 - 1 2015/10/19
12:49:45.122 12:50:36.246 1
9215 2885461 A11AD2 N170SW 3203 -0.4807300 39.4889900  0.00 92.00 298.10 -448.00 0 0 0 - 1 2015/10/19
12:49:45.122 12:50:37.249 1
9215 2885461 A11AD2 N170SW 3203 -0.4807300 39.4889900  0.00 92.00 298.10 -448.00 0 0 0 - 1 2015/10/19
12:49:45.122 12:50:38.270 1
9215 2885461 A11AD2 N170SW 3203 -0.4807300 39.4889900  0.00 92.00 298.10 -448.00 0 0 0 - 1 2015/10/19
12:49:45.122 12:50:39.253 1
9215 2885461 A11AD2 N170SW 3203 -0.4807300 39.4889900  0.00 92.00 298.10 -448.00 0 0 0 - 1 2015/10/19
12:49:45.122 12:50:40.257 1
9215 2885461 A11AD2 N170SW 3203 -0.4807300 39.4889900  0.00 92.00 298.10 -448.00 0 0 0 - 1 2015/10/19
12:49:45.122 12:50:41.262 1
9215 2885461 A11AD2 N170SW 3203 -0.4807300 39.4889900  0.00 92.00 298.10 -448.00 0 0 0 - 1 2015/10/19
12:49:45.122 12:50:42.266 1
9215 2885461 A11AD2 N170SW 3203 -0.4807300 39.4889900  0.00 92.00 298.10 -448.00 0 0 0 - 1 2015/10/19
12:49:45.122 12:50:43.270 1
9215 2885461 A11AD2 N170SW 3203 -0.4807300 39.4889900  0.00 92.00 298.10 -448.00 0 0 0 - 1 2015/10/19
12:49:45.122 12:50:44.276 1
9215 2885461 A11AD2 N170SW 3203 -0.4807300 39.4889900  0.00 92.00 298.10 -448.00 0 0 0 - 1 2015/10/19
12:49:45.122 12:50:45.277 1
9215 2885461 A11AD2 N170SW 3203 -0.4807300 39.4889900  0.00 92.00 298.10 -448.00 0 0 0 - 1 2015/10/19
12:49:45.122 12:50:46.278 1
9215 2885461 A11AD2 N170SW 3203 -0.4807300 39.4889900  0.00 92.00 298.10 -448.00 0 0 0 - 1 2015/10/19
12:49:45.122 12:50:47.278 1
9215 2885461 A11AD2 N170SW 3203 -0.4807300 39.4889900  0.00 92.00 298.10 -448.00 0 0 0 - 1 2015/10/19
12:49:45.122 12:50:48.282 1
9215 2885461 A11AD2 N170SW 3203 -0.4807300 39.4889900  0.00 92.00 298.10 -448.00 0 0 0 - 1 2015/10/19
12:49:45.122 12:50:49.282 1
9215 2885461 A11AD2 N170SW 3203 -0.4807300 39.4889900  0.00 92.00 298.10 -448.00 0 0 0 - 1 2015/10/19
12:49:45.122 12:50:50.288 1
9215 2885461 A11AD2 N170SW 3203 -0.4807300 39.4889900  0.00 92.00 298.10 -448.00 0 0 0 - 1 2015/10/19
12:49:45.122 12:50:51.290 1
9215 2885461 A11AD2 N170SW 3203 -0.4807300 39.4889900  0.00 92.00 298.10 -448.00 0 0 0 - 1 2015/10/19
12:49:45.122 12:50:52.294 1
9215 2885461 A11AD2 N170SW 3203 -0.4807300 39.4889900  0.00 92.00 298.10 -448.00 0 0 0 - 1 2015/10/19
12:49:45.122 12:50:53.296 1
9215 2885461 A11AD2 N170SW 3203 -0.4807300 39.4889900  0.00 92.00 298.10 -448.00 0 0 0 - 1 2015/10/19
12:49:45.122 12:50:54.302 1
9215 2885461 A11AD2 N170SW 3203 -0.4807300 39.4889900  0.00 92.00 298.10 -448.00 0 0 0 - 1 2015/10/19
12:49:45.122 12:50:55.302 1
9215 2885461 A11AD2 N170SW 3203 -0.4807300 39.4889900  0.00 92.00 298.10 -448.00 0 0 0 - 1 2015/10/19
12:49:45.122 12:50:56.304 1
9215 2885461 A11AD2 N170SW 3203 -0.4807300 39.4889900  0.00 92.00 298.10 -448.00 0 0 0 - 1 2015/10/19
12:49:45.122 