19-Oct-2015
13:07:31.371 1
17335 2808694 44A835 JAF184 7127 -0.4962800 39.4948300 925.00 136.70 292.80 2432.00 0 0 0 0 2015/10/19 13:07:29.993
13:07:32.395 1
17335 2808694 44A835 JAF184 7127 -0.4962800 39.4948300 925.00 136.70 292.80 2432.00 0 0 0 0 2015/10/19 13:07:29.993
13:07:33.376 1
17335 2808694 44A835 JAF184 7127 -0.4962800 39.4948300 925.00 136.70 292.80 2432.00 0 0 0 0 2015/10/19 13:07:29.993
13:07:34.377 1
17335 2808694 44A835 JAF184 7127 -0.4962800 39.4948300 925.00 136.70 292.80 2432.00 0 0 0 0 2015/10/19 13:07:29.993
13:07:35.380 1
17335 2808694 44A835 JAF184 7127 -0.4999400 39.4962200 1075.00 138.00 293.00 2112.00 0 0 0 0 2015/10/19 13:07:34.868
13:07:36.383 1
17335 2808694 44A835 JAF184 7127 -0.5007100 39.4964900 1125.00 142.70 296.20 2176.00 0 0 0 0 2015/10/19 13:07:35.884
13:07:37.387 1
17335 2808694 44A835 JAF184 7127 -0.5007100 39.4964900 1125.00 142.70 296.20 2176.00 0 0 0 0 2015/10/19 13:07:35.884
13:07:38.390 1
17335 2808694 44A835 JAF184 7127 -0.5022700 39.4970900 1200.00 142.70 296.20 2368.00 0 0 0 0 2015/10/19 13:07:37.915
13:07:39.389 1
17335 2808694 44A835 JAF184 7127 -0.5022700 39.4970900 1200.00 142.70 296.20 2368.00 0 0 0 0 2015/10/19 13:07:37.915
13:07:40.389 1
17335 2808694 44A835 JAF184 7127 -0.5022700 39.4970900 1200.00 142.70 296.20 2368.00 0 0 0 0 2015/10/19 13:07:37.915
13:07:41.390 1
17335 2808694 44A835 JAF184 7127 -0.5022700 39.4970900 1200.00 142.70 296.20 2368.00 0 0 0 0 2015/10/19 13:07:37.915
13:07:42.392 1
17335 2808694 44A835 JAF184 7127 -0.5022700 39.4970900 1200.00 142.70 296.20 2368.00 0 0 0 0 2015/10/19 13:07:37.915
13:07:43.396 1
17335 2808694 44A835 JAF184 7127 -0.5058000 39.4984100 1375.00 142.70 296.20 2368.00 0 0 0 0 2015/10/19 13:07:42.384
13:07:44.401 1
17335 2808694 44A835 JAF184 7127 -0.5058000 39.4984100 1375.00 142.70 296.20 2368.00 0 0 0 0 2015/10/19 13:07:42.384
13:07:45.408 1
17335 2808694 44A835 JAF184 7127 -0.5058000 39.4984100 1375.00 142.70 296.20 2368.00 0 0 0 0 2015/10/19 13:07:42.384
13:07:46.410 1
17335 2808694 44A835 JAF184 7127 -0.5058000 39.4984100 1375.00 142.70 296.20 2368.00 0 0 0 0 2015/10/19 13:07:42.384
13:07:47.423 1
17335 2808694 44A835 JAF184 7127 -0.5058000 39.4984100 1375.00 142.70 296.20 2368.00 0 0 0 0 2015/10/19 13:07:42.384
13:07:48.417 1
17335 2808694 44A835 JAF184 7127 -0.5058000 39.4984100 1375.00 141.70 292.40 2368.00 0 0 0 0 2015/10/19 13:07:42.384
13:07:49.420 1
17335 2808694 44A835 JAF184 7127 -0.5058000 39.4984100 1375.00 141.70 292.40 2368.00 0 0 0 0 2015/10/19 13:07:42.384
13:07:50.421 1
17335 2808694 44A835 JAF184 7127 -0.5108000 39.5002300 1650.00 141.70 292.40 2432.00 0 0 0 0 2015/10/19 13:07:48.884
13:07:51.425 1
17335 2808694 44A835 JAF184 7127 -0.5123000 39.5007900 1725.00 141.30 292.00 2624.00 0 0 0 0 2015/10/19 13:07:50.712
13:07:52.429 1
17335 2808694 44A835 JAF184 7127 -0.5127200 39.5009300 1750.00 141.30 292.00 2624.00 0 0 0 0 2015/10/19 13:07:51.150
13:07:53.427 1
17335 2808694 44A835 JAF184 7127 -0.5127200 39.5009300 1750.00 141.30 292.00 2624.00 0 0 0 0 2015/10/19 13:07:51.150
13:07:54.433 1
17335 2808694 44A835 JAF184 7127 -0.5127200 39.5009300 1750.00 141.30 292.00 2624.00 0 0 0 0 2015/10/19 13:07:51.150
13:07:55.437 1
17335 2808694 44A835 JAF184 7127 -0.5154400 39.5019000 1875.00 141.90 291.50 2432.00 0 0 0 0 2015/10/19 13:07:54.775
13:07:56.438 1
17335 2808694 44A835 JAF184 7127 -0.5154400 39.5019000 1875.00 142.80 291.40 2368.00 0 0 0 0 2015/10/19 13:07:54.775
13:07:57.441 1
17335 2808694 44A835 JAF184 7127 -0.5154400 39.5019000 1875.00 142.80 291.40 2368.00 0 0 0 0 2015/10/19 13:07:54.775
13:07:58.442 1
17335 2808694 44A835 JAF184 7127 -0.5176700 39.5026700 2000.00 143.20 291.70 2304.00 0 0 0 0 2015/10/19 13:07:57.619
13:07:59.446 1
17335 2808694 44A835 JAF184 7127 -0.5180900 39.5028500 2025.00 144.10 291.60 2368.00 0 0 0 0 2015/10/19 13:07:58.150
13:08:00.447 1
17335 2808694 44A835 JAF184 7127 -0.5180900 39.5028500 2025.00 144.10 291.60 2368.00 0 0 0 0 2015/10/19 13:07:58.150
13:08:01.450 1
17335 2808694 44A835 JAF184 7127 -0.5197000 39.5034000 2100.00 144.10 291.60 2560.00 0 0 0 0 2015/10/19 13:08:00.150
13:08:02.456 1
17335 2808694 44A835 JAF184 7127 -0.5212500 39.5039500 2175.00 145.40 291.80 2560.00 0 0 0 0 2015/10/19 13:08:01.884
13:08:03.457 1
17335 2808694 44A835 JAF184 7127 -0.5220300 39.5042300 2225.00 145.40 291.80 2688.00 0 0 0 0 2015/10/19 13:08:02.900
13:08:04.459 1
17335 2808694 44A835 JAF184 7127 -0.5228700 39.5045000 2275.00 145.00 291.40 2880.00 0 0 0 0 2015/10/19 13:08:03.916
13:08:05.460 1
17335 2808694 44A835 JAF184 7127 -0.5236200 39.5047900 2325.00 144.10 291.60 2944.00 0 0 0 0 2015/10/19 13:08:04.931
13:08:06.465 1
17335 2808694 44A835 JAF184 7127 -0.5243500 39.5050700 2375.00 144.10 291.60 2944.00 0 0 0 0 2015/10/19 13:08:05.947
13:08:07.467 1
17335 2808694 44A835 JAF184 7127 -0.5243500 39.5050700 2375.00 144.10 291.60 2944.00 0 0 0 0 2015/10/19 13:08:05.947
13:08:08.469 1
17335 2808694 44A835 JAF184 7127 -0.5243500 39.5050700 2375.00 144.10 291.60 2944.00 0 0 0 0 2015/10/19 13:08:05.947
13:08:09.473 1
17335 2808694 44A835 JAF184 7127 -0.5268600 39.5059500 2525.00 144.50 291.90 2944.00 0 0 0 0 2015/10/19 13:08:08.994
13:08:10.476 1
17335 2808694 44A835 JAF184 7127 -0.5268600 39.5059500 2525.00 144.50 291.90 2944.00 0 0 0 0 2015/10/19 13:08:08.994
13:08:11.478 1
17335 2808694 44A835 JAF184 7127 -0.5268600 39.5059500 2525.00 144.50 291.90 2944.00 0 0 0 0 2015/10/19 13:08:08.994
13:08:12.482 1
17335 2808694 44A835 JAF184 7127 -0.5268600 39.5059500 2525.00 144.50 291.90 2944.00 0 0 0 0 2015/10/19 13:08:08.994
13:08:13.483 1
17335 2808694 44A835 JAF184 7127 -0.5299100 39.5070200 2700.00 148.10 295.20 2880.00 0 0 0 0 2015/10/19 13:08:12.650
13:08:14.485 1
17335 2808694 44A835 JAF184 7127 -0.5307600 39.5073500 2750.00 148.10 295.20 2944.00 0 0 0 0 2015/10/19 13:08:13.869
13:08:15.490 1
17335 2808694 44A835 JAF184 7127 -0.5316800 39.5076700 2800.00 149.00 295.00 2880.00 0 0 0 0 2015/10/19 13:08:14.885
13:08:16.497 1
17335 2808694 44A835 JAF184 7127 -0.5316800 39.5076700 2800.00 149.00 295.00 2880.00 0 0 0 0 2015/10/19 13:08:14.885
13:08:17.494 1
17335 2808694 44A835 JAF184 7127 -0.5316800 39.5076700 2800.00 149.00 295.00 2880.00 0 0 0 0 2015/10/19 13:08:14.885
13:08:18.496 1
17335 2808694 44A835 JAF184 7127 -0.5316800 39.5076700 2800.00 150.30 295.20 2752.00 0 0 0 0 2015/10/19 13:08:14.885
13:08:19.500 1
17335 2808694 44A835 JAF184 7127 -0.5346100 39.5087400 2950.00 150.30 295.20 2688.00 0 0 0 0 2015/10/19 13:08:18.541
13:08:20.501 1
17335 2808694 44A835 JAF184 7127 -0.5346100 39.5087400 2950.00 150.30 295.20 2688.00 0 0 0 0 2015/10/19 13:08:18.541
13:08:21.504 1
17335 2808694 44A835 JAF184 7127 -0.5346100 39.5087400 2950.00 150.30 295.20 2688.00 0 0 0 0 2015/10/19 13:08:18.541
13:08:22.507 1
17335 2808694 44A835 JAF184 7127 -0.5346100 39.5087400 2950.00 150.30 295.20 2688.00 0 0 0 0 2015/10/19 13:08:18.541
13:08:23.510 1
17335 2808694 44A835 JAF184 7127 -0.5346100 39.5087400 2950.00 150.30 295.20 2688.00 0 0 0 0 2015/10/19 13:08:18.541
13:08:24.512 1
17335 2808694 44A835 JAF184 7127 -0.5384500 39.5101400 3175.00 151.60 295.40 2816.00 0 0 0 0 2015/10/19 13:08:23.213
13:08:25.517 1
17335 2808694 44A835 JAF184 7127 -0.5384500 39.5101400 3175.00 151.60 295.40 2816.00 0 0 0 0 2015/10/19 13:08:23.213
13:08:26.520 1
17335 2808694 44A835 JAF184 7127 -0.5401000 39.5107500 3250.00 153.00 295.60 2752.00 0 0 0 0 2015/10/19 13:08:25.244
13:08:27.521 1
17335 2808694 44A835 JAF184 7127 -0.5401000 39.5107500 3250.00 153.00 295.60 2688.00 0 0 0 0 2015/10/19 13:08:25.244
13:08:28.526 1
17335 2808694 44A835 JAF184 7127 -0.5401000 39.5107500 3250.00 153.00 295.60 2688.00 0 0 0 0 2015/10/19 13:08:25.244
13:08:29.532 1
17335 2808694 44A835 JAF184 7127 -0.5401000 39.5107500 3250.00 153.00 295.60 2688.00 0 0 0 0 2015/10/19 13:08:25.244
13:08:30.538 1
17335 2808694 44A835 JAF184 7127 -0.5435800 39.5120500 3450.00 154.30 295.70 2752.00 0 0 0 0 2015/10/19 13:08:29.510
13:08:31.540 1
17335 2808694 44A835 JAF184 7127 -0.5448600 39.5125200 3525.00 154.30 295.70 2816.00 0 0 0 0 2015/10/19 13:08:30.932
13:08:32.542 1
17335 2808694 44A835 JAF184 7127 -0.5448600 39.5125200 3525.00 154.30 295.70 2816.00 0 0 0 0 2015/10/19 13:08:30.932
13:08:33.547 1
17335 2808694 44A835 JAF184 7127 -0.5448600 39.5125200 3525.00 154.30 295.70 2816.00 0 0 0 0 2015/10/19 13:08:30.932
13:08:34.550 1
17335 2808694 44A835 JAF184 7127 -0.5448600 39.5125200 3525.00 154.30 295.70 2816.00 0 0 0 0 2015/10/19 13:08:30.932
13:08:35.549 1
17335 2808694 44A835 JAF184 7127 -0.5448600 39.5125200 3525.00 154.30 295.70 2816.00 0 0 0 0 2015/10/19 13:08:30.932
13:08:36.557 1
17335 2808694 44A835 JAF184 7127 -0.5488900 39.5141000 3725.00 153.50 294.20 2496.00 0 0 0 0 2015/10/19 13:08:35.807
13:08:37.555 1
17335 2808694 44A835 JAF184 7127 -0.5488900 39.5141000 3725.00 153.50 294.20 2496.00 0 0 0 0 2015/10/19 13:08:35.807
13:08:38.562 1
17335 2808694 44A835 JAF184 7127 -0.5488900 39.5141000 3725.00 153.50 294.20 2496.00 0 0 0 0 2015/10/19 13:08:35.807
13:08:39.562 1
17335 2808694 44A835 JAF184 7127 -0.5488900 39.5141000 3725.00 153.50 294.20 2496.00 0 0 0 0 2015/10/19 13:08:35.807
13:08:40.563 1
17335 2808694 44A835 JAF184 7127 -0.5488900 39.5141000 3725.00 153.50 294.20 2496.00 0 0 0 0 2015/10/19 13:08:35.807
13:08:41.567 1
17335 2808694 44A835 JAF184 7127 -0.5488900 39.5141000 3725.00 153.50 294.20 2496.00 0 0 0 0 2015/10/19 13:08:35.807
13:08:42.570 1
17335 2808694 44A835 JAF184 7127 -0.5488900 39.5141000 3725.00 153.50 294.20 2496.00 0 0 0 0 2015/10/19 13:08:35.807
13:08:43.575 1
17335 2808694 44A835 JAF184 7127 -0.5488900 39.5141000 3725.00 153.50 294.20 2496.00 0 0 0 0 2015/10/19 13:08:35.807
13:08:44.582 1
17335 2808694 44A835 JAF184 7127 -0.5488900 39.5141000 3725.00 153.50 294.20 2496.00 0 0 0 0 2015/10/19 13:08:35.807
13:08:45.586 1
17335 2808694 44A835 JAF184 7127 -0.5568200 39.5174500 3975.00 173.20 298.60 1600.00 0 0 0 0 2015/10/19 13:08:44.745
13:08:46.588 1
17335 2808694 44A835 JAF184 7127 -0.5577400 39.5178200 4000.00 175.40 298.60 1600.00 0 0 0 0 2015/10/19 13:08:45.761
13:08:47.592 1
17335 2808694 44A835 JAF184 7127 -0.5586500 39.5182400 4025.00 175.40 298.60 1600.00 0 0 0 0 2015/10/19 13:08:46.776
13:08:48.598 1
17335 2808694 44A835 JAF184 7127 -0.5586500 39.5182400 4025.00 175.40 298.60 1600.00 0 0 0 0 2015/10/19 13:08:46.776
13:08:49.600 1
17335 2808694 44A835 JAF184 7127 -0.5605400 39.5190100 4075.00 180.80 298.40 1600.00 0 0 0 0 2015/10/19 13:08:48.808
13:08:50.600 1
17335 2808694 44A835 JAF184 7127 -0.5605400 39.5190100 4075.00 180.80 298.40 1600.00 0 0 0 0 2015/10/19 13:08:48.808
13:08:51.604 1
17335 2808694 44A835 JAF184 7127 -0.5620100 39.5196400 4100.00 180.80 298.40 1600.00 0 0 0 0 2015/10/19 13:08:50.167
13:08:52.606 1
17335 2808694 44A835 JAF184 7127 -0.5620100 39.5196400 4100.00 180.80 298.40 1600.00 0 0 0 0 2015/10/19 13:08:50.167
13:08:53.610 1
17335 2808694 44A835 JAF184 7127 -0.5620100 39.5196400 4100.00 180.80 298.40 1600.00 0 0 0 0 2015/10/19 13:08:50.167
13:08:54.614 1
17335 2808694 44A835 JAF184 7127 -0.5620100 39.5196400 4100.00 180.80 298.40 1600.00 0 0 0 0 2015/10/19 13:08:50.167
13:08:55.614 1
17335 2808694 44A835 JAF184 7127 -0.5620100 39.5196400 4100.00 180.80 298.40 1600.00 0 0 0 0 2015/10/19 13:08:50.167
13:08:56.616 1
17335 2808694 44A835 JAF184 7127 -0.5620100 39.5196400 4100.00 180.80 298.40 1600.00 0 0 0 0 2015/10/19 13:08:50.167
13:08:57.617 1
17335 2808694 44A835 JAF184 7127 -0.5678300 39.5226700 4275.00 180.80 298.40 1600.00 0 0 0 0 2015/10/19 13:08:56.151
13:08:58.625 1
17335 2808694 44A835 JAF184 7127 -0.5678300 39.5226700 4275.00 180.80 298.40 1600.00 0 0 0 0 2015/10/19 13:08:56.151
13:08:59.624 1
17335 2808694 44A835 JAF184 7127 -0.5678300 39.5226700 4275.00 198.80 309.70 1728.00 0 0 0 0 2015/10/19 13:08:56.151
13:09:00.629 1
17335 2808694 44A835 JAF184 7127 -0.5678300 39.5226700 4275.00 198.80 309.70 1728.00 0 0 0 0 2015/10/19 13:08:56.151
13:09:01.631 1
17335 2808694 44A835 JAF184 7127 -0.5678300 39.5226700 4275.00 198.80 309.70 1728.00 0 0 0 0 2015/10/19 13:08:56.151
13:09:02.632 1
17335 2808694 44A835 JAF184 7127 -0.5678300 39.5226700 4275.00 198.80 309.70 1728.00 0 0 0 0 2015/10/19 13:08:56.151
13:09:03.635 1
17335 2808694 44A835 JAF184 7127 -0.5678300 39.5226700 4275.00 198.80 309.70 1728.00 0 0 0 0 2015/10/19 13:08:56.151
13:09:04.645 1
17335 2808694 44A835 JAF184 7127 -0.5678300 39.5226700 4275.00 198.80 309.70 1728.00 0 0 0 0 2015/10/19 13:08:56.151
13:09:05.641 1
17335 2808694 44A835 JAF184 7127 -0.5678300 39.5226700 4275.00 198.80 309.70 1728.00 0 0 0 0 2015/10/19 13:08:56.151
13:09:06.642 1
17335 2808694 44A835 JAF184 7127 -0.5756800 39.5290400 4525.00 210.20 320.40 1792.00 0 0 0 0 2015/10/19 13:09:05.464
13:09:07.648 1
17335 2808694 44A835 JAF184 7127 -0.5756800 39.5290400 4525.00 210.20 320.40 1792.00 0 0 0 0 2015/10/19 13:09:05.464
13:09:08.648 1
17335 2808694 44A835 JAF184 7127 -0.5771500 39.5306700 4575.00 207.90 321.60 1664.00 0 0 0 0 2015/10/19 13:09:07.496
13:09:09.652 1
17335 2808694 44A835 JAF184 7127 -0.5780000 39.5315600 4625.00 215.90 324.60 1600.00 0 0 0 0 2015/10/19 13:09:08.511
13:09:10.655 1
17335 2808694 44A835 JAF184 7127 -0.5780000 39.5315600 4625.00 215.90 324.60 1600.00 0 0 0 0 2015/10/19 13:09:08.511
13:09:11.656 1
17335 2808694 44A835 JAF184 7127 -0.5780000 39.5315600 4625.00 215.90 324.60 1600.00 0 0 0 0 2015/10/19 13:09:08.511
13:09:12.658 1
17335 2808694 44A835 JAF184 7127 -0.5780000 39.5315600 4625.00 215.90 324.60 1600.00 0 0 0 0 2015/10/19 13:09:08.511
13:09:13.662 1
17335 2808694 44A835 JAF184 7127 -0.5780000 39.5315600 4625.00 215.90 324.60 1600.00 0 0 0 0 2015/10/19 13:09:08.511
13:09:14.661 1
17335 2808694 44A835 JAF184 7127 -0.5780000 39.5315600 4625.00 215.90 324.60 1600.00 0 0 0 0 2015/10/19 13:09:08.511
13:09:15.667 1
17335 2808694 44A835 JAF184 7127 -0.5780000 39.5315600 4625.00 215.90 324.60 1600.00 0 0 0 0 2015/10/19 13:09:08.511
13:09:16.672 1
17335 2808694 44A835 JAF184 7127 -0.5780000 39.5315600 4625.00 215.90 324.60 1600.00 0 0 0 0 2015/10/19 13:09:08.511
13:09:17.669 1
17335 2808694 44A835 JAF184 7127 -0.5825800 39.5387200 4875.00 229.80 336.70 1920.00 0 0 0 0 2015/10/19 13:09:16.152
13:09:18.674 1
17335 2808694 44A835 JAF184 7127 -0.5825800 39.5387200 4875.00 229.80 336.70 1920.00 0 0 0 0 2015/10/19 13:09:16.152
13:09:19.679 1
17335 2808694 44A835 JAF184 7127 -0.5825800 39.5387200 4875.00 229.80 336.70 1920.00 0 0 0 0 2015/10/19 13:09:16.152
13:09:20.681 1
17335 2808694 44A835 JAF184 7127 -0.5825800 39.5387200 4875.00 229.80 336.70 1920.00 0 0 0 0 2015/10/19 13:09:16.152
13:09:21.683 1
17335 2808694 44A835 JAF184 7127 -0.5825800 39.5387200 4875.00 229.80 336.70 1920.00 0 0 0 0 2015/10/19 13:09:16.152
13:09:22.688 1
17335 2808694 44A835 JAF184 7127 -0.5825800 39.5387200 4875.00 229.80 336.70 1920.00 0 0 0 0 2015/10/19 13:09:16.152
13:09:23.689 1
17335 2808694 44A835 JAF184 7127 -0.5825800 39.5387200 4875.00 229.80 336.70 1920.00 0 0 0 0 2015/10/19 13:09:16.152
13:09:24.691 1
17335 2808694 44A835 JAF184 7127 -0.5825800 39.5387200 4875.00 229.80 336.70 1920.00 0 0 0 0 2015/10/19 13:09:16.152
13:09:25.697 1
17335 2808694 44A835 JAF184 7127 -0.5859400 39.5472000 5150.00 235.30 344.70 2048.00 0 0 0 0 2015/10/19 13:09:24.152
13:09:26.702 1
17335 2808694 44A835 JAF184 7127 -0.5859400 39.5472000 5150.00 235.30 344.70 2048.00 0 0 0 0 2015/10/19 13:09:24.152
13:09:27.704 1
17335 2808694 44A835 JAF184 7127 -0.5859400 39.5472000 5150.00 235.30 344.70 2048.00 0 0 0 0 2015/10/19 13:09:24.152
13:09:28.711 1
17335 2808694 44A835 JAF184 7127 -0.5859400 39.5472000 5150.00 235.30 344.70 2048.00 0 0 0 0 2015/10/19 13:09:24.152
13:09:29.709 1
17335 2808694 44A835 JAF184 7127 -0.5859400 39.5472000 5150.00 235.30 344.70 2048.00 0 0 0 0 2015/10/19 13:09:24.152
13:09:30.715 1
17335 2808694 44A835 JAF184 7127 -0.5859400 39.5472000 5150.00 235.30 344.70 2048.00 0 0 0 0 2015/10/19 13:09:24.152
13:09:31.719 1
17335 2808694 44A835 JAF184 7127 -0.5859400 39.5472000 5150.00 235.30 344.70 2048.00 0 0 0 0 2015/10/19 13:09:24.152
13:09:32.720 1
17335 2808694 44A835 JAF184 7127 -0.5859400 39.5472000 5150.00 235.30 344.70 2048.00 0 0 0 0 2015/10/19 13:09:24.152
13:09:33.725 1
17335 2808694 44A835 JAF184 7127 -0.5859400 39.5472000 5150.00 235.30 344.70 2048.00 0 0 0 0 2015/10/19 13:09:24.152
13:09:34.728 1
17335 2808694 44A835 JAF184 7127 -0.5859400 39.5472000 5150.00 235.30 344.70 2048.00 0 0 0 0 2015/10/19 13:09:24.152
13:09:35.732 1
17335 2808694 44A835 JAF184 7127 -0.5859400 39.5472000 5150.00 235.30 344.70 2048.00 0 0 0 0 2015/10/19 13:09:24.152
13:09:36.738 1
17335 2808694 44A835 JAF184 7127 -0.5859400 39.5472000 5150.00 235.30 344.70 2048.00 0 0 0 0 2015/10/19 13:09:24.152
13:09:37.741 1
17335 2808694 44A835 JAF184 7127 -0.5859400 39.5472000 5150.00 235.30 344.70 2048.00 0 0 0 0 2015/10/19 13:09:24.152
13:09:38.744 1
17335 2808694 44A835 JAF184 7127 -0.5859400 39.5472000 5150.00 235.30 344.70 2048.00 0 0 0 0 2015/10/19 13:09:24.152
13:09:39.748 1
17335 2808694 44A835 JAF184 7127 -0.5859400 39.5472000 5150.00 235.30 344.70 2048.00 0 0 0 0 2015/10/19 13:09:24.152
13:09:40.751 1
17335 2808694 44A835 JAF184 7127 -0.5897800 39.5653500 5950.00 235.30 344.70 2048.00 0 0 0 0 2015/10/19 13:09:39.793
13:09:41.753 1
17335 2808694 44A835 JAF184 7127 -0.5897800 39.5653500 5950.00 235.30 344.70 2048.00 0 0 0 0 2015/10/19 13:09:39.793
13:09:42.757 1
17335 2808694 44A835 JAF184 7127 -0.5897400 39.5675800 6100.00 255.10 358.70 4160.00 0 0 0 0 2015/10/19 13:09:41.621
13:09:43.759 1
17335 2808694 44A835 JAF184 7127 -0.5897400 39.5675800 6100.00 255.10 358.70 4160.00 0 0 0 0 2015/10/19 13:09:41.621
13:09:44.763 1
17335 2808694 44A835 JAF184 7127 -0.5897400 39.5675800 6100.00 255.10 358.70 4160.00 0 0 0 0 2015/10/19 13:09:41.621
13:09:45.766 1
17335 2808694 44A835 JAF184 7127 -0.5897400 39.5675800 6100.00 255.10 358.70 4160.00 0 0 0 0 2015/10/19 13:09:41.621
13:09:46.772 1
17335 2808694 44A835 JAF184 7127 -0.5897400 39.5675800 6100.00 255.10 358.70 4160.00 0 0 0 0 2015/10/19 13:09:41.621
13:09:47.769 1
17335 2808694 44A835 JAF184 7127 -0.5891400 39.5733900 6400.00 257.10 5.40 3456.00 0 0 0 0 2015/10/19 13:09:46.700
13:09:48.777 1
17335 2808694 44A835 JAF184 7127 -0.5889300 39.5746200 6450.00 258.70 6.70 3200.00 0 0 0 0 2015/10/19 13:09:47.512
13:09:49.776 1
17335 2808694 44A835 JAF184 0000 -0.5886600 39.5757800 6500.00 259.50 8.00 3008.00 0 0 0 0 2015/10/19 13:09:48.731
13:09:50.776 1
17335 2808694 44A835 JAF184 0000 -0.5883100 39.5771000 6550.00 260.60 9.50 2752.00 0 0 0 0 2015/10/19 13:09:49.747
13:09:51.781 1
17335 2808694 44A835 JAF184 0000 -0.5883100 39.5771000 6550.00 260.60 9.50 2752.00 0 0 0 0 2015/10/19 13:09:49.747
13:09:52.783 1
17335 2808694 44A835 JAF184 0000 -0.5883100 39.5771000 6550.00 260.60 9.50 2752.00 0 0 0 0 2015/10/19 13:09:49.747
13:09:53.786 1
17335 2808694 44A835 JAF184 0000 -0.5870400 39.5806700 6675.00 265.60 14.60 2432.00 0 0 0 0 2015/10/19 13:09:52.794
13:09:54.790 1
17335 2808694 44A835 JAF184 0000 -0.5864500 39.5819500 6725.00 267.00 16.50 2368.00 0 0 0 0 2015/10/19 13:09:53.809
13:09:55.792 1
17335 2808694 44A835 JAF184 0000 -0.5864500 39.5819500 6725.00 260.30 19.10 2368.00 0 0 0 0 2015/10/19 13:09:53.809
13:09:56.793 1
17335 2808694 44A835 JAF184 0000 -0.5864500 39.5819500 6725.00 260.30 19.10 2368.00 0 0 0 0 2015/10/19 13:09:53.809
13:09:57.796 1
17335 2808694 44A835 JAF184 0000 -0.5864500 39.5819500 6725.00 260.30 19.10 2368.00 0 0 0 0 2015/10/19 13:09:53.809
13:09:58.798 1
17335 2808694 44A835 JAF184 0000 -0.5837100 39.5865300 6875.00 264.80 25.50 2304.00 0 0 0 0 2015/10/19 13:09:57.872
13:09:59.801 1
17335 2808694 44A835 JAF184 0000 -0.5831900 39.5871900 6900.00 264.80 25.50 2304.00 0 0 0 0 2015/10/19 13:09:58.481
13:10:00.805 1
17335 2808694 44A835 JAF184 0000 -0.5831900 39.5871900 6900.00 264.80 25.50 2304.00 0 0 0 0 2015/10/19 13:09:58.481
13:10:01.809 1
17335 2808694 44A835 JAF184 0000 -0.5831900 39.5871900 6900.00 264.80 25.50 2304.00 0 0 0 0 2015/10/19 13:09:58.481
13:10:02.809 1
17335 2808694 44A835 JAF184 0000 -0.5800200 39.5909100 7050.00 271.00 33.90 2368.00 0 0 0 0 2015/10/19 13:10:01.934
13:10:03.813 1
17335 2808694 44A835 JAF184 0000 -0.5790500 39.5918400 7100.00 278.80 34.80 2304.00 0 0 0 0 2015/10/19 13:10:02.950
13:10:04.816 1
17335 2808694 44A835 JAF184 5547 -0.5780000 39.5928600 7125.00 280.80 36.70 2304.00 0 0 0 0 2015/10/19 13:10:03.763
13:10:05.818 1
17335 2808694 44A835 JAF184 5547 -0.5780000 39.5928600 7125.00 280.80 36.70 2304.00 0 0 0 0 2015/10/19 13:10:03.763
13:10:06.821 1
17335 2808694 44A835 JAF184 5547 -0.5780000 39.5928600 7125.00 280.80 36.70 2304.00 0 0 0 0 2015/10/19 13:10:03.763
13:10:07.824 1
17335 2808694 44A835 JAF184 5547 -0.5780000 39.5928600 7125.00 280.80 36.70 2304.00 0 0 0 0 2015/10/19 13:10:03.763
13:10:08.827 1
17335 2808694 44A835 JAF184 5547 -0.5731800 39.5965400 7350.00 278.60 45.90 3008.00 0 0 0 0 2015/10/19 13:10:07.825
13:10:09.828 1
17335 2808694 44A835 JAF184 5547 -0.5718900 39.5974700 7400.00 284.40 46.70 3200.00 0 0 0 0 2015/10/19 13:10:08.841
13:10:10.832 1
17335 2808694 44A835 JAF184 5547 -0.5718900 39.5974700 7400.00 284.40 46.70 3200.00 0 0 0 0 2015/10/19 13:10:08.841
13:10:11.834 1
17335 2808694 44A835 JAF184 5547 -0.5695800 39.5987300 7500.00 284.80 50.30 3584.00 0 0 0 0 2015/10/19 13:10:10.466
13:10:12.838 1
17335 2808694 44A835 JAF184 5547 -0.5695800 39.5987300 7500.00 284.80 50.30 3584.00 0 0 0 0 2015/10/19 13:10:10.466
13:10:13.837 1
17335 2808694 44A835 JAF184 5547 -0.5695800 39.5987300 7500.00 284.80 50.30 3584.00 0 0 0 0 2015/10/19 13:10:10.466
13:10:14.842 1
17335 2808694 44A835 JAF184 5547 -0.5695800 39.5987300 7500.00 284.80 50.30 3584.00 0 0 0 0 2015/10/19 13:10:10.466
13:10:15.847 1
17335 2808694 44A835 JAF184 5547 -0.5695800 39.5987300 7500.00 284.80 50.30 3584.00 0 0 0 0 2015/10/19 13:10:10.466
13:10:16.846 1
17335 2808694 44A835 JAF184 5547 -0.5695800 39.5987300 7500.00 284.80 50.30 3584.00 0 0 0 0 2015/10/19 13:10:10.466
13:10:17.851 1
17335 2808694 44A835 JAF184 5547 -0.5609600 39.6031500 7900.00 280.90 58.70 3904.00 0 0 0 0 2015/10/19 13:10:16.560
13:10:18.854 1
17335 2808694 44A835 JAF184 5547 -0.5609600 39.6031500 7900.00 280.90 58.70 3904.00 0 0 0 0 2015/10/19 13:10:16.560
13:10:19.858 1
17335 2808694 44A835 JAF184 5547 -0.5578500 39.6045700 8025.00 285.90 58.60 3776.00 0 0 0 0 2015/10/19 13:10:18.794
13:10:20.859 1
17335 2808694 44A835 JAF184 5547 -0.5563400 39.6052500 8100.00 286.10 59.30 3712.00 0 0 0 0 2015/10/19 13:10:19.810
13:10:21.861 1
17335 2808694 44A835 JAF184 5547 -0.5563400 39.6052500 8100.00 286.10 59.30 3712.00 0 0 0 0 2015/10/19 13:10:19.810
13:10:22.869 1
17335 2808694 44A835 JAF184 5547 -0.5563400 39.6052500 8100.00 286.10 59.30 3712.00 0 0 0 0 2015/10/19 13:10:19.810
13:10:23.869 1
17335 2808694 44A835 JAF184 5547 -0.5517000 39.6072200 8275.00 283.60 62.30 3648.00 0 0 0 0 2015/10/19 13:10:22.857
13:10:24.876 1
17335 2808694 44A835 JAF184 5547 -0.5517000 39.6072200 8275.00 283.60 62.30 3648.00 0 0 0 0 2015/10/19 13:10:22.857
13:10:25.874 1
17335 2808694 44A835 JAF184 5547 -0.5517000 39.6072200 8275.00 283.60 62.30 3648.00 0 0 0 0 2015/10/19 13:10:22.857
13:10:26.878 1
17335 2808694 44A835 JAF184 5547 -0.5517000 39.6072200 8275.00 284.00 63.40 3840.00 0 0 0 0 2015/10/19 13:10:22.857
13:10:27.882 1
17335 2808694 44A835 JAF184 5547 -0.5459000 39.6095800 8525.00 288.10 62.30 3968.00 0 0 0 0 2015/10/19 13:10:26.716
13:10:28.885 1
17335 2808694 44A835 JAF184 5547 -0.5441800 39.6102400 8600.00 288.10 62.30 4096.00 0 0 0 0 2015/10/19 13:10:27.732
13:10:29.886 1
17335 2808694 44A835 JAF184 5547 -0.5441800 39.6102400 8600.00 288.10 62.30 4096.00 0 0 0 0 2015/10/19 13:10:27.732
13:10:30.890 1
17335 2808694 44A835 JAF184 5547 -0.5411400 39.6115300 8725.00 284.90 63.50 4224.00 0 0 0 0 2015/10/19 13:10:29.763
13:10:31.896 1
17335 2808694 44A835 JAF184 5547 -0.5411400 39.6115300 8725.00 284.90 63.50 4224.00 0 0 0 0 2015/10/19 13:10:29.763
13:10:32.902 1
17335 2808694 44A835 JAF184 5547 -0.5411400 39.6115300 8725.00 284.90 63.50 4224.00 0 0 0 0 2015/10/19 13:10:29.763
13:10:33.902 1
17335 2808694 44A835 JAF184 5547 -0.5411400 39.6115300 8725.00 284.90 63.50 4224.00 0 0 0 0 2015/10/19 13:10:29.763
13:10:34.906 1
17335 2808694 44A835 JAF184 5547 -0.5411400 39.6115300 8725.00 284.90 63.50 4224.00 0 0 0 0 2015/10/19 13:10:29.763
13:10:35.911 1
17335 2808694 44A835 JAF184 5547 -0.5411400 39.6115300 8725.00 284.90 63.50 4224.00 0 0 0 0 2015/10/19 13:10:29.763
13:10:36.916 1
17335 2808694 44A835 JAF184 5547 -0.5411400 39.6115300 8725.00 284.90 63.50 4224.00 0 0 0 0 2015/10/19 13:10:29.763
13:10:37.921 1
17335 2808694 44A835 JAF184 5547 -0.5411400 39.6115300 8725.00 284.90 63.50 4224.00 0 0 0 0 2015/10/19 13:10:29.763
13:10:38.922 1
17335 2808694 44A835 JAF184 5547 -0.5411400 39.6115300 8725.00 284.90 63.50 4224.00 0 0 0 0 2015/10/19 13:10:29.763
13:10:39.926 1
17335 2808694 44A835 JAF184 5547 -0.5277700 39.6173000 9300.00 288.10 62.30 3904.00 0 0 0 0 2015/10/19 13:10:38.701
13:10:40.928 1
17335 2808694 44A835 JAF184 5547 -0.5277700 39.6173000 9300.00 288.10 62.30 3904.00 0 0 0 0 2015/10/19 13:10:38.701
13:10:41.932 1
17335 2808694 44A835 JAF184 5547 -0.5277700 39.6173000 9300.00 288.10 62.30 3904.00 0 0 0 0 2015/10/19 13:10:38.701
13:10:42.935 1
17335 2808694 44A835 JAF184 5547 -0.5229500 39.6193100 9500.00 289.40 62.60 4032.00 0 0 0 0 2015/10/19 13:10:41.748
13:10:43.937 1
17335 2808694 44A835 JAF184 5547 -0.5213000 39.6200000 9575.00 289.40 62.60 4032.00 0 0 0 0 2015/10/19 13:10:42.764
13:10:44.938 1
17335 2808694 44A835 JAF184 5547 -0.5197000 39.6206800 9650.00 290.30 62.70 4032.00 0 0 0 0 2015/10/19 13:10:43.779
13:10:45.941 1
17335 2808694 44A835 JAF184 5547 -0.5183300 39.6212800 9700.00 290.30 62.70 4032.00 0 0 0 0 2015/10/19 13:10:44.592
13:10:46.944 1
17335 2808694 44A835 JAF184 5547 -0.5183300 39.6212800 9700.00 290.30 62.70 4032.00 0 0 0 0 2015/10/19 13:10:44.592
13:10:47.949 1
17335 2808694 44A835 JAF184 5547 -0.5149200 39.6227000 9850.00 290.70 62.60 4160.00 0 0 0 0 2015/10/19 13:10:46.826
13:10:48.952 1
17335 2808694 44A835 JAF184 5547 -0.5133700 39.6233600 9925.00 290.70 62.60 4160.00 0 0 0 0 2015/10/19 13:10:47.842
13:10:49.953 1
17335 2808694 44A835 JAF184 5547 -0.5121200 39.6238900 9975.00 291.60 62.60 4160.00 0 0 0 0 2015/10/19 13:10:48.654
13:10:50.957 1
17335 2808694 44A835 JAF184 5547 -0.5121200 39.6238900 9975.00 291.60 62.60 4160.00 0 0 0 0 2015/10/19 13:10:48.654
13:10:51.959 1
17335 2808694 44A835 JAF184 5547 -0.5121200 39.6238900 9975.00 291.60 62.60 4160.00 0 0 0 0 2015/10/19 13:10:48.654
13:10:52.960 1
17335 2808694 44A835 JAF184 5547 -0.5073200 39.6259600 10175.00 295.90 61.10 4096.00 0 0 0 0 2015/10/19 13:10:51.701
13:10:53.964 1
17335 2808694 44A835 JAF184 5547 -0.5059200 39.6266100 10250.00 297.20 61.00 4160.00 0 0 0 0 2015/10/19 13:10:52.717
13:10:54.966 1
17335 2808694 44A835 JAF184 5547 -0.5043900 39.6272200 10300.00 297.20 61.00 4160.00 0 0 0 0 2015/10/19 13:10:53.733
13:10:55.970 1
17335 2808694 44A835 JAF184 5547 -0.5029900 39.6279200 10375.00 297.20 61.00 4160.00 0 0 0 0 2015/10/19 13:10:54.748
13:10:56.972 1
17335 2808694 44A835 JAF184 5547 -0.5006100 39.6288500 10475.00 297.70 60.90 4160.00 0 0 0 0 2015/10/19 13:10:55.967
13:10:57.976 1
17335 2808694 44A835 JAF184 5547 -0.5006100 39.6288500 10475.00 297.70 60.90 4160.00 0 0 0 0 2015/10/19 13:10:55.967
13:10:58.979 1
17335 2808694 44A835 JAF184 5547 -0.4978000 39.6300600 10575.00 297.70 60.90 4160.00 0 0 0 0 2015/10/19 13:10:57.795
13:10:59.981 1
17335 2808694 44A835 JAF184 5547 -0.4964100 39.6306600 10650.00 299.10 60.80 4096.00 0 0 0 0 2015/10/19 13:10:58.811
13:11:00.983 1
17335 2808694 44A835 JAF184 5547 -0.4948600 39.6313500 10700.00 299.10 60.80 4096.00 0 0 0 0 2015/10/19 13:10:59.623
13:11:01.986 1
17335 2808694 44A835 JAF184 5547 -0.4948600 39.6313500 10700.00 299.10 60.80 4096.00 0 0 0 0 2015/10/19 13:10:59.623
13:11:02.989 1
17335 2808694 44A835 JAF184 5547 -0.4948600 39.6313500 10700.00 299.10 60.80 4096.00 0 0 0 0 2015/10/19 13:10:59.623
13:11:03.992 1
17335 2808694 44A835 JAF184 5547 -0.4948600 39.6313500 10700.00 299.10 60.80 4096.00 0 0 0 0 2015/10/19 13:10:59.623
13:11:04.996 1
17335 2808694 44A835 JAF184 5547 -0.4885300 39.6340600 10925.00 302.20 60.90 3392.00 0 0 0 0 2015/10/19 13:11:03.686
13:11:05.998 1
17335 2808694 44A835 JAF184 5547 -0.4885300 39.6340600 10925.00 302.20 60.90 3392.00 0 0 0 0 2015/10/19 13:11:03.686
13:11:06.999 1
17335 2808694 44A835 JAF184 5547 -0.4885300 39.6340600 10925.00 302.20 60.90 3392.00 0 0 0 0 2015/10/19 13:11:03.686
13:11:08.004 1
17335 2808694 44A835 JAF184 5547 -0.4885300 39.6340600 10925.00 302.20 60.90 3392.00 0 0 0 0 2015/10/19 13:11:03.686
13:11:09.007 1
17335 2808694 44A835 JAF184 5547 -0.4885300 39.6340600 10925.00 302.20 60.90 3392.00 0 0 0 0 2015/10/19 13:11:03.686
13:11:10.013 1
17335 2808694 44A835 JAF184 5547 -0.4885300 39.6340600 10925.00 302.20 60.90 3392.00 0 0 0 0 2015/10/19 13:11:03.686
13:11:11.015 1
17335 2808694 44A835 JAF184 5547 -0.4787000 39.6383500 11175.00 307.30 62.30 2112.00 0 0 0 0 2015/10/19 13:11:09.780
13:11:12.023 1
17335 2808694 44A835 JAF184 5547 -0.4787000 39.6383500 11175.00 307.30 62.30 2112.00 0 0 0 0 2015/10/19 13:11:09.780
13:11:13.026 1
17335 2808694 44A835 JAF184 5547 -0.4787000 39.6383500 11175.00 307.30 62.30 2112.00 0 0 0 0 2015/10/19 13:11:09.780
13:11:14.028 1
17335 2808694 44A835 JAF184 5547 -0.4736900 39.6404900 11250.00 312.20 62.10 1792.00 0 0 0 0 2015/10/19 13:11:12.827
13:11:15.034 1
17335 2808694 44A835 JAF184 5547 -0.4728300 39.6408200 11275.00 314.00 62.30 1728.00 0 0 0 0 2015/10/19 13:11:13.233
13:11:16.040 1
17335 2808694 44A835 JAF184 5547 -0.4728300 39.6408200 11275.00 314.00 62.30 1728.00 0 0 0 0 2015/10/19 13:11:13.233
13:11:17.047 1
17335 2808694 44A835 JAF184 5547 -0.4728300 39.6408200 11275.00 314.00 62.30 1728.00 0 0 0 0 2015/10/19 13:11:13.233
13:11:18.047 1
17335 2808694 44A835 JAF184 5547 -0.4728300 39.6408200 11275.00 314.00 62.30 1728.00 0 0 0 0 2015/10/19 13:11:13.233
13:11:19.051 1
17335 2808694 44A835 JAF184 5547 -0.4657000 39.6438400 11375.00 321.10 62.60 1600.00 0 0 0 0 2015/10/19 13:11:17.499
13:11:20.052 1
17335 2808694 44A835 JAF184 5547 -0.4638100 39.6446800 11425.00 322.90 62.70 1600.00 0 0 0 0 2015/10/19 13:11:18.718
13:11:21.056 1
17335 2808694 44A835 JAF184 5547 -0.4638100 39.6446800 11425.00 322.90 62.70 1600.00 0 0 0 0 2015/10/19 13:11:18.718
13:11:22.062 1
17335 2808694 44A835 JAF184 5547 -0.4604700 39.6460400 11475.00 326.50 62.70 1728.00 0 0 0 0 2015/10/19 13:11:20.546
13:11:23.061 1
17335 2808694 44A835 JAF184 5547 -0.4583800 39.6469100 11500.00 328.30 62.80 1728.00 0 0 0 0 2015/10/19 13:11:21.765
13:11:24.065 1
17335 2808694 44A835 JAF184 5547 -0.4566000 39.6476600 11525.00 333.40 61.50 1728.00 0 0 0 0 2015/10/19 13:11:22.780
13:11:25.069 1
17335 2808694 44A835 JAF184 5547 -0.4551400 39.6482600 11550.00 335.60 61.50 1856.00 0 0 0 0 2015/10/19 13:11:23.593
13:11:26.075 1
17335 2808694 44A835 JAF184 5547 -0.4524500 39.6493800 11625.00 337.80 61.50 2304.00 0 0 0 0 2015/10/19 13:11:25.015
13:11:27.076 1
17335 2808694 44A835 JAF184 5547 -0.4510500 39.6499800 11650.00 337.80 61.50 2304.00 0 0 0 0 2015/10/19 13:11:25.827
13:11:28.082 1
17335 2808694 44A835 JAF184 5547 -0.4492500 39.6507600 11700.00 339.20 61.50 2624.00 0 0 0 0 2015/10/19 13:11:26.843
13:11:29.083 1
17335 2808694 44A835 JAF184 5547 -0.4476300 39.6514300 11750.00 340.10 61.60 2880.00 0 0 0 0 2015/10/19 13:11:27.858
13:11:30.089 1
17335 2808694 44A835 JAF184 5547 -0.4454800 39.6523100 11825.00 340.50 61.40 3200.00 0 0 0 0 2015/10/19 13:11:28.874
13:11:31.091 1
17335 2808694 44A835 JAF184 5547 -0.4436600 39.6530600 11875.00 341.40 61.50 3456.00 0 0 0 0 2015/10/19 13:11:29.890
13:11:32.093 1
17335 2808694 44A835 JAF184 5547 -0.4417100 39.6538900 11950.00 341.80 61.70 3648.00 0 0 0 0 2015/10/19 13:11:30.905
13:11:33.096 1
17335 2808694 44A835 JAF184 5547 -0.4402300 39.6546000 12000.00 341.80 61.70 3776.00 0 0 0 0 2015/10/19 13:11:31.921
13:11:34.105 1
17335 2808694 44A835 JAF184 5547 -0.4382300 39.6553400 12075.00 342.70 61.80 3904.00 0 0 0 0 2015/10/19 13:11:32.937
13:11:35.106 1
17335 2808694 44A835 JAF184 5547 -0.4382300 39.6553400 12075.00 342.70 61.80 3904.00 0 0 0 0 2015/10/19 13:11:32.937
13:11:36.107 1
17335 2808694 44A835 JAF184 5547 -0.4348000 39.6567500 12200.00 343.60 61.90 3904.00 0 0 0 0 2015/10/19 13:11:34.968
13:11:37.113 1
17335 2808694 44A835 JAF184 5547 -0.4328000 39.6575700 12250.00 344.50 61.90 3968.00 0 0 0 0 2015/10/19 13:11:35.984
13:11:38.118 1
17335 2808694 44A835 JAF184 5547 -0.4307900 39.6584100 12350.00 345.40 62.00 4160.00 0 0 0 0 2015/10/19 13:11:36.999
13:11:39.122 1
17335 2808694 44A835 JAF184 5547 -0.4289400 39.6591300 12400.00 345.40 62.00 4288.00 0 0 0 0 2015/10/19 13:11:38.015
13:11:40.125 1
17335 2808694 44A835 JAF184 5547 -0.4289400 39.6591300 12400.00 345.40 62.00 4288.00 0 0 0 0 2015/10/19 13:11:38.015
13:11:41.125 1
17335 2808694 44A835 JAF184 5547 -0.4289400 39.6591300 12400.00 345.40 62.00 4288.00 0 0 0 0 2015/10/19 13:11:38.015
13:11:42.130 1
17335 2808694 44A835 JAF184 5547 -0.4289400 39.6591300 12400.00 345.40 62.00 4288.00 0 0 0 0 2015/10/19 13:11:38.015
13:11:43.133 1
17335 2808694 44A835 JAF184 5547 -0.4289400 39.6591300 12400.00 345.40 62.00 4288.00 0 0 0 0 2015/10/19 13:11:38.015
13:11:44.135 1
17335 2808694 44A835 JAF184 5547 -0.4203500 39.6626600 12775.00 346.20 62.10 4864.00 0 0 0 0 2015/10/19 13:11:42.687
13:11:45.137 1
17335 2808694 44A835 JAF184 5547 -0.4185000 39.6634400 12850.00 346.20 62.10 4992.00 0 0 0 0 2015/10/19 13:11:43.703
13:11:46.141 1
17335 2808694 44A835 JAF184 5547 -0.4166900 39.6641800 12950.00 345.40 62.00 5056.00 0 0 0 0 2015/10/19 13:11:44.718
13:11:47.144 1
17335 2808694 44A835 JAF184 5547 -0.4148500 39.6649000 13025.00 345.40 62.00 5056.00 0 0 0 0 2015/10/19 13:11:45.734
13:11:48.148 1
17335 2808694 44A835 JAF184 5547 -0.4130200 39.6656700 13100.00 345.80 61.90 4992.00 0 0 0 0 2015/10/19 13:11:46.750
13:11:49.149 1
17335 2808694 44A835 JAF184 5547 -0.4111900 39.6664200 13175.00 346.70 62.00 4864.00 0 0 0 0 2015/10/19 13:11:47.765
13:11:50.151 1
17335 2808694 44A835 JAF184 5547 -0.4095500 39.6671200 13225.00 347.20 61.80 4608.00 0 0 0 0 2015/10/19 13:11:48.578
13:11:51.154 1
17335 2808694 44A835 JAF184 5547 -0.4076500 39.6679100 13300.00 348.10 61.90 4352.00 0 0 0 0 2015/10/19 13:11:49.593
13:11:52.158 1
17335 2808694 44A835 JAF184 5547 -0.4076500 39.6679100 13300.00 348.10 61.90 4352.00 0 0 0 0 2015/10/19 13:11:49.593
13:11:53.160 1
17335 2808694 44A835 JAF184 5547 -0.4076500 39.6679100 13300.00 348.10 61.90 4352.00 0 0 0 0 2015/10/19 13:11:49.593
13:11:54.164 1
17335 2808694 44A835 JAF184 5547 -0.4017800 39.6703500 13500.00 350.30 61.90 3840.00 0 0 0 0 2015/10/19 13:11:52.844
13:11:55.168 1
17335 2808694 44A835 JAF184 5547 -0.3999000 39.6711200 13550.00 350.30 61.90 3840.00 0 0 0 0 2015/10/19 13:11:53.875
13:11:56.173 1
17335 2808694 44A835 JAF184 5547 -0.3980200 39.6719500 13625.00 351.60 61.80 3904.00 0 0 0 0 2015/10/19 13:11:54.890
13:11:57.182 1
17335 2808694 44A835 JAF184 5547 -0.3980200 39.6719500 13625.00 351.60 61.80 3904.00 0 0 0 0 2015/10/19 13:11:54.890
13:11:58.176 1
17335 2808694 44A835 JAF184 5547 -0.3946700 39.6732300 13750.00 352.50 61.90 4096.00 0 0 0 0 2015/10/19 13:11:56.719
13:11:59.180 1
17335 2808694 44A835 JAF184 5547 -0.3926400 39.6741000 13825.00 352.50 61.90 4224.00 0 0 0 0 2015/10/19 13:11:57.734
13:12:00.181 1
17335 2808694 44A835 JAF184 5547 -0.3909300 39.6748000 13900.00 353.40 62.00 4352.00 0 0 0 0 2015/10/19 13:11:58.547
13:12:01.184 1
17335 2808694 44A835 JAF184 5547 -0.3888800 39.6756100 13975.00 353.40 62.00 4544.00 0 0 0 0 2015/10/19 13:11:59.766
13:12:02.191 1
17335 2808694 44A835 JAF184 5547 -0.3868500 39.6764800 14050.00 353.40 62.00 4608.00 0 0 0 0 2015/10/19 13:12:00.781
13:12:03.194 1
17335 2808694 44A835 JAF184 5547 -0.3851300 39.6771700 14125.00 353.40 62.00 4736.00 0 0 0 0 2015/10/19 13:12:01.797
13:12:04.194 1
17335 2808694 44A835 JAF184 5547 -0.3832700 39.6779500 14200.00 353.40 62.00 4864.00 0 0 0 0 2015/10/19 13:12:02.609
13:12:05.199 1
17335 2808694 44A835 JAF184 5547 -0.3832700 39.6779500 14200.00 353.40 62.00 4864.00 0 0 0 0 2015/10/19 13:12:02.609
13:12:06.204 1
17335 2808694 44A835 JAF184 5547 -0.3832700 39.6779500 14200.00 353.40 62.00 4864.00 0 0 0 0 2015/10/19 13:12:02.609
13:12:07.205 1
17335 2808694 44A835 JAF184 5547 -0.3776900 39.6802400 14450.00 353.40 62.00 5056.00 0 0 0 0 2015/10/19 13:12:05.859
13:12:08.211 1
17335 2808694 44A835 JAF184 5547 -0.3757900 39.6809900 14525.00 353.40 62.00 5056.00 0 0 0 0 2015/10/19 13:12:06.875
13:12:09.213 1
17335 2808694 44A835 JAF184 5547 -0.3741300 39.6817000 14600.00 353.40 62.00 4992.00 0 0 0 0 2015/10/19 13:12:07.688
13:12:10.220 1
17335 2808694 44A835 JAF184 5547 -0.3720400 39.6825300 14700.00 353.40 62.00 4864.00 0 0 0 0 2015/10/19 13:12:08.703
13:12:11.224 1
17335 2808694 44A835 JAF184 5547 -0.3720400 39.6825300 14700.00 353.40 62.00 4864.00 0 0 0 0 2015/10/19 13:12:08.703
13:12:12.227 1
17335 2808694 44A835 JAF184 5547 -0.3720400 39.6825300 14700.00 353.40 62.00 4864.00 0 0 0 0 2015/10/19 13:12:08.703
13:12:13.227 1
17335 2808694 44A835 JAF184 5547 -0.3720400 39.6825300 14700.00 353.40 62.00 4864.00 0 0 0 0 2015/10/19 13:12:08.703
13:12:14.232 1
17335 2808694 44A835 JAF184 5547 -0.3720400 39.6825300 14700.00 353.40 62.00 4864.00 0 0 0 0 2015/10/19 13:12:08.703
13:12:15.236 1
17335 2808694 44A835 JAF184 5547 -0.3624900 39.6865100 15025.00 352.40 63.00 3904.00 0 0 0 0 2015/10/19 13:12:13.782
13:12:16.237 1
17335 2808694 44A835 JAF184 5547 -0.3606000 39.6872700 15100.00 353.80 62.90 3776.00 0 0 0 0 2015/10/19 13:12:14.797
13:12:17.241 1
17335 2808694 44A835 JAF184 5547 -0.3606000 39.6872700 15100.00 353.80 62.90 3776.00 0 0 0 0 2015/10/19 13:12:14.797
13:12:18.243 1
17335 2808694 44A835 JAF184 5547 -0.3606000 39.6872700 15100.00 353.80 62.90 3776.00 0 0 0 0 2015/10/19 13:12:14.797
13:12:19.249 1
17335 2808694 44A835 JAF184 5547 -0.3606000 39.6872700 15100.00 353.80 62.90 3776.00 0 0 0 0 2015/10/19 13:12:14.797
13:12:20.249 1
17335 2808694 44A835 JAF184 5547 -0.3537100 39.6901200 15275.00 353.80 62.90 3776.00 0 0 0 0 2015/10/19 13:12:18.454
13:12:21.255 1
17335 2808694 44A835 JAF184 5547 -0.3537100 39.6901200 15275.00 353.80 62.90 3776.00 0 0 0 0 2015/10/19 13:12:18.454
13:12:22.254 1
17335 2808694 44A835 JAF184 5547 -0.3497100 39.6917700 15400.00 358.20 62.90 3520.00 0 0 0 0 2015/10/19 13:12:20.485
13:12:23.263 1
17335 2808694 44A835 JAF184 5547 -0.3477800 39.6926700 15475.00 359.10 63.00 3584.00 0 0 0 0 2015/10/19 13:12:21.704
13:12:24.262 1
17335 2808694 44A835 JAF184 5547 -0.3456500 39.6934700 15525.00 359.10 63.00 3584.00 0 0 0 0 2015/10/19 13:12:22.719
13:12:25.263 1
17335 2808694 44A835 JAF184 5547 -0.3456500 39.6934700 15525.00 359.10 63.00 3584.00 0 0 0 0 2015/10/19 13:12:22.719
13:12:26.266 1
17335 2808694 44A835 JAF184 5547 -0.3456500 39.6934700 15525.00 359.10 63.00 3584.00 0 0 0 0 2015/10/19 13:12:22.719
13:12:27.272 1
17335 2808694 44A835 JAF184 5547 -0.3456500 39.6934700 15525.00 359.10 63.00 3584.00 0 0 0 0 2015/10/19 13:12:22.719
13:12:28.278 1
17335 2808694 44A835 JAF184 5547 -0.3374000 39.6969100 15775.00 361.40 63.00 3712.00 0 0 0 0 2015/10/19 13:12:26.985
13:12:29.300 1
17335 2808694 44A835 JAF184 5547 -0.3374000 39.6969100 15775.00 361.40 63.00 3712.00 0 0 0 0 2015/10/19 13:12:26.985
13:12:30.286 1
17335 2808694 44A835 JAF184 5547 -0.3374000 39.6969100 15775.00 361.40 63.00 3712.00 0 0 0 0 2015/10/19 13:12:26.985
13:12:31.293 1
17335 2808694 44A835 JAF184 5547 -0.3374000 39.6969100 15775.00 361.40 63.00 3712.00 0 0 0 0 2015/10/19 13:12:26.985
13:12:32.294 1
17335 2808694 44A835 JAF184 5547 -0.3374000 39.6969100 15775.00 361.40 63.00 3712.00 0 0 0 0 2015/10/19 13:12:26.985
13:12:33.299 1
17335 2808694 44A835 JAF184 5547 -0.3282500 39.7006300 16075.00 363.10 63.20 3840.00 0 0 0 0 2015/10/19 13:12:31.657
13:12:34.303 1
17335 2808694 44A835 JAF184 5547 -0.3282500 39.7006300 16075.00 363.10 63.20 3840.00 0 0 0 0 2015/10/19 13:12:31.657
13:12:35.312 1
17335 2808694 44A835 JAF184 5547 -0.3241600 39.7023100 16200.00 364.50 63.10 3776.00 0 0 0 0 2015/10/19 13:12:33.688
13:12:36.311 1
17335 2808694 44A835 JAF184 5547 -0.3241600 39.7023100 16200.00 364.50 63.10 3776.00 0 0 0 0 2015/10/19 13:12:33.688
13:12:37.314 1
17335 2808694 44A835 JAF184 5547 -0.3202200 39.7039000 16300.00 365.40 63.20 3456.00 0 0 0 0 2015/10/19 13:12:35.720
13:12:38.319 1
17335 2808694 44A835 JAF184 5547 -0.3202200 39.7039000 16300.00 365.40 63.20 3456.00 0 0 0 0 2015/10/19 13:12:35.720
13:12:39.340 1
17335 2808694 44A835 JAF184 5547 -0.3202200 39.7039000 16300.00 365.40 63.20 3456.00 0 0 0 0 2015/10/19 13:12:35.720
13:12:40.328 1
17335 2808694 44A835 JAF184 5547 -0.3143600 39.7064200 16450.00 371.80 61.90 2944.00 0 0 0 0 2015/10/19 13:12:38.767
13:12:41.334 1
17335 2808694 44A835 JAF184 5547 -0.3123900 39.7071500 16500.00 372.60 62.00 2816.00 0 0 0 0 2015/10/19 13:12:39.782
13:12:42.339 1
17335 2808694 44A835 JAF184 5547 -0.3097700 39.7082500 16550.00 374.00 61.90 2816.00 0 0 0 0 2015/10/19 13:12:41.001
13:12:43.340 1
17335 2808694 44A835 JAF184 5547 -0.3097700 39.7082500 16550.00 374.00 61.90 2816.00 0 0 0 0 2015/10/19 13:12:41.001
13:12:44.342 1
17335 2808694 44A835 JAF184 5547 -0.3067800 39.7094400 16625.00 375.40 61.90 2880.00 0 0 0 0 2015/10/19 13:12:42.626
13:12:45.344 1
17335 2808694 44A835 JAF184 5547 -0.3049900 39.7102200 16675.00 376.20 61.90 3008.00 0 0 0 0 2015/10/19 13:12:43.439
13:12:46.344 1
17335 2808694 44A835 JAF184 5547 -0.3049900 39.7102200 16675.00 376.20 61.90 3008.00 0 0 0 0 2015/10/19 13:12:43.439
13:12:47.348 1
17335 2808694 44A835 JAF184 5547 -0.3006000 39.7119900 16775.00 377.60 61.90 3200.00 0 0 0 0 2015/10/19 13:12:45.673
13:12:48.350 1
17335 2808694 44A835 JAF184 5547 -0.2986500 39.7128300 16850.00 377.60 61.90 3264.00 0 0 0 0 2015/10/19 13:12:46.689
13:12:49.356 1
17335 2808694 44A835 JAF184 5547 -0.2986500 39.7128300 16850.00 377.60 61.90 3264.00 0 0 0 0 2015/10/19 13:12:46.689
13:12:50.361 1
17335 2808694 44A835 JAF184 5547 -0.2946000 39.7144800 16950.00 378.90 61.80 3392.00 0 0 0 0 2015/10/19 13:12:48.517
13:12:51.365 1
17335 2808694 44A835 JAF184 5547 -0.2946000 39.7144800 16950.00 378.90 61.80 3392.00 0 0 0 0 2015/10/19 13:12:48.517
13:12:52.372 1
17335 2808694 44A835 JAF184 5547 -0.2946000 39.7144800 16950.00 378.90 61.80 3392.00 0 0 0 0 2015/10/19 13:12:48.517
13:12:53.374 1
17335 2808694 44A835 JAF184 5547 -0.2865400 39.7178200 17175.00 379.80 61.90 3712.00 0 0 0 0 2015/10/19 13:12:52.579
13:12:54.375 1
17335 2808694 44A835 JAF184 5547 -0.2865400 39.7178200 17175.00 379.80 61.90 3712.00 0 0 0 0 2015/10/19 13:12:52.579
13:12:55.378 1
17335 2808694 44A835 JAF184 5547 -0.2845700 39.7186400 17250.00 380.70 62.00 3776.00 0 0 0 0 2015/10/19 13:12:53.798
13:12:56.383 1
17335 2808694 44A835 JAF184 5547 -0.2821200 39.7196500 17325.00 380.70 62.00 3904.00 0 0 0 0 2015/10/19 13:12:54.814
13:12:57.386 1
17335 2808694 44A835 JAF184 5547 -0.2821200 39.7196500 17325.00 380.70 62.00 3904.00 0 0 0 0 2015/10/19 13:12:54.814
13:12:58.385 1
17335 2808694 44A835 JAF184 5547 -0.2821200 39.7196500 17325.00 380.70 62.00 3904.00 0 0 0 0 2015/10/19 13:12:54.814
13:12:59.386 1
17335 2808694 44A835 JAF184 5547 -0.2821200 39.7196500 17325.00 380.70 62.00 3904.00 0 0 0 0 2015/10/19 13:12:54.814
13:13:00.389 1
17335 2808694 44A835 JAF184 5547 -0.2722800 39.7237200 17625.00 382.10 61.90 3904.00 0 0 0 0 2015/10/19 13:12:59.689
13:13:01.392 1
17335 2808694 44A835 JAF184 5547 -0.2722800 39.7237200 17625.00 382.10 61.90 3904.00 0 0 0 0 2015/10/19 13:12:59.689
13:13:02.395 1
17335 2808694 44A835 JAF184 5547 -0.2722800 39.7237200 17625.00 382.10 61.90 3904.00 0 0 0 0 2015/10/19 13:12:59.689
13:13:03.398 1
17335 2808694 44A835 JAF184 5547 -0.2722800 39.7237200 17625.00 382.10 61.90 3904.00 0 0 0 0 2015/10/19 13:12:59.689
13:13:04.415 1
17335 2808694 44A835 JAF184 5547 -0.2722800 39.7237200 17625.00 382.10 61.90 3904.00 0 0 0 0 2015/10/19 13:12:59.689
13:13:05.406 1
17335 2808694 44A835 JAF184 5547 -0.2722800 39.7237200 17625.00 382.10 61.90 3904.00 0 0 0 0 2015/10/19 13:12:59.689
13:13:06.407 1
17335 2808694 44A835 JAF184 5547 -0.2600900 39.7287600 17975.00 384.30 61.90 3520.00 0 0 0 0 2015/10/19 13:13:05.783
13:13:07.408 1
17335 2808694 44A835 JAF184 5547 -0.2600900 39.7287600 17975.00 384.30 61.90 3520.00 0 0 0 0 2015/10/19 13:13:05.783
13:13:08.410 1
17335 2808694 44A835 JAF184 5547 -0.2560400 39.7304300 18100.00 384.80 61.80 3456.00 0 0 0 0 2015/10/19 13:13:07.814
13:13:09.418 1
17335 2808694 44A835 JAF184 5547 -0.2550000 39.7308500 18125.00 385.60 61.80 3456.00 0 0 0 0 2015/10/19 13:13:08.220
13:13:10.419 1
17335 2808694 44A835 JAF184 5547 -0.2529800 39.7316900 18175.00 382.40 62.80 3456.00 0 0 0 0 2015/10/19 13:13:09.236
13:13:11.418 1
17335 2808694 44A835 JAF184 5547 -0.2496900 39.7330800 18250.00 382.40 62.80 3392.00 0 0 0 0 2015/10/19 13:13:10.861
13:13:12.424 1
17335 2808694 44A835 JAF184 5547 -0.2476800 39.7339200 18325.00 383.30 62.80 3392.00 0 0 0 0 2015/10/19 13:13:11.877
13:13:13.428 1
17335 2808694 44A835 JAF184 5547 -0.2455800 39.7347600 18375.00 383.30 62.80 3392.00 0 0 0 0 2015/10/19 13:13:12.892
13:13:14.432 1
17335 2808694 44A835 JAF184 5547 -0.2433500 39.7356900 18425.00 383.70 62.70 3392.00 0 0 0 0 2015/10/19 13:13:13.908
13:13:15.437 1
17335 2808694 44A835 JAF184 5547 -0.2423100 39.7361100 18450.00 384.60 62.80 3392.00 0 0 0 0 2015/10/19 13:13:14.517
13:13:16.437 1
17335 2808694 44A835 JAF184 5547 -0.2390100 39.7375000 18550.00 385.50 62.80 3520.00 0 0 0 0 2015/10/19 13:13:15.939
13:13:17.439 1
17335 2808694 44A835 JAF184 5547 -0.2370000 39.7383400 18600.00 385.50 62.80 3584.00 0 0 0 0 2015/10/19 13:13:16.955
13:13:18.445 1
17335 2808694 44A835 JAF184 5547 -0.2349200 39.7391800 18675.00 385.50 62.80 3584.00 0 0 0 0 2015/10/19 13:13:17.971
13:13:19.450 1
17335 2808694 44A835 JAF184 5547 -0.2332800 39.7398800 18700.00 385.50 62.80 3584.00 0 0 0 0 2015/10/19 13:13:18.986
13:13:20.450 1
17335 2808694 44A835 JAF184 5547 -0.2332800 39.7398800 18700.00 385.50 62.80 3584.00 0 0 0 0 2015/10/19 13:13:18.986
13:13:21.454 1
17335 2808694 44A835 JAF184 5547 -0.2291600 39.7415800 18825.00 386.40 62.90 3584.00 0 0 0 0 2015/10/19 13:13:20.815
13:13:22.454 1
17335 2808694 44A835 JAF184 5547 -0.2291600 39.7415800 18825.00 386.40 62.90 3584.00 0 0 0 0 2015/10/19 13:13:20.815
13:13:23.458 1
17335 2808694 44A835 JAF184 5547 -0.2252200 39.7432300 18925.00 386.90 62.80 3520.00 0 0 0 0 2015/10/19 13:13:22.846
13:13:24.459 1
17335 2808694 44A835 JAF184 5547 -0.2227200 39.7442500 19000.00 387.80 62.80 3456.00 0 0 0 0 2015/10/19 13:13:23.861
13:13:25.466 1
17335 2808694 44A835 JAF184 5547 -0.2227200 39.7442500 19000.00 387.80 62.80 3456.00 0 0 0 0 2015/10/19 13:13:23.861
13:13:26.466 1
17335 2808694 44A835 JAF184 5547 -0.2183800 39.7460200 19100.00 387.80 62.80 3392.00 0 0 0 0 2015/10/19 13:13:25.893
13:13:27.468 1
17335 2808694 44A835 JAF184 5547 -0.2163200 39.7468900 19175.00 389.10 62.80 3392.00 0 0 0 0 2015/10/19 13:13:26.908
13:13:28.472 1
17335 2808694 44A835 JAF184 5547 -0.2152500 39.7473400 19200.00 389.10 62.80 3392.00 0 0 0 0 2015/10/19 13:13:27.518
13:13:29.476 1
17335 2808694 44A835 JAF184 5547 -0.2125600 39.7484400 19275.00 389.10 62.80 3392.00 0 0 0 0 2015/10/19 13:13:28.940
13:13:30.483 1
17335 2808694 44A835 JAF184 5547 -0.2102900 39.7494000 19325.00 390.00 62.80 3456.00 0 0 0 0 2015/10/19 13:13:29.955
13:13:31.490 1
17335 2808694 44A835 JAF184 5547 -0.2083800 39.7501800 19375.00 390.00 62.80 3520.00 0 0 0 0 2015/10/19 13:13:30.768
13:13:32.492 1
17335 2808694 44A835 JAF184 5547 -0.2065400 39.7509600 19425.00 390.00 62.80 3520.00 0 0 0 0 2015/10/19 13:13:31.784
13:13:33.513 1
17335 2808694 44A835 JAF184 5547 -0.2044700 39.7518400 19500.00 390.90 62.90 3584.00 0 0 0 0 2015/10/19 13:13:32.799
13:13:34.499 1
17335 2808694 44A835 JAF184 5547 -0.2023300 39.7526800 19550.00 390.90 62.90 3584.00 0 0 0 0 2015/10/19 13:13:33.815
13:13:35.504 1
17335 2808694 44A835 JAF184 5547 -0.2004400 39.7534700 19600.00 390.90 62.90 3648.00 0 0 0 0 2015/10/19 13:13:34.627
13:13:36.507 1
17335 2808694 44A835 JAF184 5547 -0.1983600 39.7543100 19650.00 391.30 62.80 3648.00 0 0 0 0 2015/10/19 13:13:35.643
13:13:37.508 1
17335 2808694 44A835 JAF184 5547 -0.1962600 39.7551700 19725.00 392.20 62.80 3648.00 0 0 0 0 2015/10/19 13:13:36.659
13:13:38.511 1
17335 2808694 44A835 JAF184 5547 -0.1941700 39.7560400 19775.00 392.20 62.80 3648.00 0 0 0 0 2015/10/19 13:13:37.674
13:13:39.529 1
17335 2808694 44A835 JAF184 5547 -0.1919000 39.7570000 19850.00 392.20 62.80 3648.00 0 0 0 0 2015/10/19 13:13:38.893
13:13:40.516 1
17335 2808694 44A835 JAF184 5547 -0.1898100 39.7578700 19900.00 392.20 62.80 3648.00 0 0 0 0 2015/10/19 13:13:39.706
13:13:41.517 1
17335 2808694 44A835 JAF184 5547 -0.1898100 39.7578700 19900.00 392.20 62.80 3648.00 0 0 0 0 2015/10/19 13:13:39.706
13:13:42.521 1
17335 2808694 44A835 JAF184 5547 -0.1856100 39.7596100 20025.00 393.10 62.90 3584.00 0 0 0 0 2015/10/19 13:13:41.737
13:13:43.541 1
17335 2808694 44A835 JAF184 5547 -0.1856100 39.7596100 20025.00 393.10 62.90 3584.00 0 0 0 0 2015/10/19 13:13:41.737
13:13:44.525 1
17335 2808694 44A835 JAF184 5547 -0.1813900 39.7613500 20125.00 393.10 62.90 3520.00 0 0 0 0 2015/10/19 13:13:43.768
13:13:45.537 1
17335 2808694 44A835 JAF184 5547 -0.1813900 39.7613500 20125.00 393.10 62.90 3520.00 0 0 0 0 2015/10/19 13:13:43.768
13:13:46.531 1
17335 2808694 44A835 JAF184 5547 -0.1771900 39.7630600 20225.00 394.50 62.90 3456.00 0 0 0 0 2015/10/19 13:13:45.800
13:13:47.532 1
17335 2808694 44A835 JAF184 5547 -0.1744100 39.7642400 20300.00 395.40 62.90 3264.00 0 0 0 0 2015/10/19 13:13:47.018
13:13:48.537 1
17335 2808694 44A835 JAF184 5547 -0.1734000 39.7646400 20325.00 395.40 62.90 3264.00 0 0 0 0 2015/10/19 13:13:47.628
13:13:49.539 1
17335 2808694 44A835 JAF184 5547 -0.1710600 39.7656100 20375.00 395.40 62.90 3264.00 0 0 0 0 2015/10/19 13:13:48.643
13:13:50.543 1
17335 2808694 44A835 JAF184 5547 -0.1710600 39.7656100 20375.00 395.40 62.90 3264.00 0 0 0 0 2015/10/19 13:13:48.643
13:13:51.545 1
17335 2808694 44A835 JAF184 5547 -0.1710600 39.7656100 20375.00 395.40 62.90 3264.00 0 0 0 0 2015/10/19 13:13:48.643
13:13:52.548 1
17335 2808694 44A835 JAF184 5547 -0.1649200 39.7681300 20525.00 396.70 62.90 3200.00 0 0 0 0 2015/10/19 13:13:51.487
13:13:53.549 1
17335 2808694 44A835 JAF184 5547 -0.1627600 39.7690400 20575.00 397.60 62.90 3200.00 0 0 0 0 2015/10/19 13:13:52.503
13:13:54.552 1
17335 2808694 44A835 JAF184 5547 -0.1596000 39.7703200 20675.00 397.60 62.90 3264.00 0 0 0 0 2015/10/19 13:13:53.925
13:13:55.555 1
17335 2808694 44A835 JAF184 5547 -0.1596000 39.7703200 20675.00 397.60 62.90 3264.00 0 0 0 0 2015/10/19 13:13:53.925
13:13:56.557 1
17335 2808694 44A835 JAF184 5547 -0.1555800 39.7720000 20775.00 398.90 62.90 3328.00 0 0 0 0 2015/10/19 13:13:55.956
13:13:57.559 1
17335 2808694 44A835 JAF184 5547 -0.1534500 39.7728900 20825.00 398.90 62.90 3328.00 0 0 0 0 2015/10/19 13:13:56.972
13:13:58.562 1
17335 2808694 44A835 JAF184 5547 -0.1513000 39.7737600 20875.00 398.90 62.90 3328.00 0 0 0 0 2015/10/19 13:13:57.987
13:13:59.566 1
17335 2808694 44A835 JAF184 5547 -0.1491700 39.7746500 20925.00 398.90 62.90 3328.00 0 0 0 0 2015/10/19 13:13:59.003
13:14:00.568 1
17335 2808694 44A835 JAF184 5547 -0.1472400 39.7754500 20975.00 399.80 62.90 3328.00 0 0 0 0 2015/10/19 13:13:59.816
13:14:01.574 1
17335 2808694 44A835 JAF184 5547 -0.1461700 39.7759600 21000.00 399.80 62.90 3392.00 0 0 0 0 2015/10/19 13:14:00.425
13:14:02.578 1
17335 2808694 44A835 JAF184 5547 -0.1438000 39.7768400 21075.00 399.80 62.90 3456.00 0 0 0 0 2015/10/19 13:14:01.441
13:14:03.581 1
17335 2808694 44A835 JAF184 5547 -0.1406100 39.7781500 21150.00 399.80 62.90 3520.00 0 0 0 0 2015/10/19 13:14:02.862
13:14:04.582 1
17335 2808694 44A835 JAF184 5547 -0.1406100 39.7781500 21150.00 399.80 62.90 3520.00 0 0 0 0 2015/10/19 13:14:02.862
13:14:05.588 1
17335 2808694 44A835 JAF184 5547 -0.1367800 39.7797700 21250.00 399.80 62.90 3712.00 0 0 0 0 2015/10/19 13:14:04.691
13:14:06.591 1
17335 2808694 44A835 JAF184 5547 -0.1346400 39.7806100 21325.00 399.80 62.90 3712.00 0 0 0 0 2015/10/19 13:14:05.706
13:14:07.597 1
17335 2808694 44A835 JAF184 5547 -0.1327300 39.7813600 21375.00 399.80 62.90 3776.00 0 0 0 0 2015/10/19 13:14:06.519
13:14:08.598 1
17335 2808694 44A835 JAF184 5547 -0.1327300 39.7813600 21375.00 399.80 62.90 3776.00 0 0 0 0 2015/10/19 13:14:06.519
13:14:09.600 1
17335 2808694 44A835 JAF184 5547 -0.1295100 39.7827300 21475.00 400.70 63.00 3712.00 0 0 0 0 2015/10/19 13:14:08.159
13:14:10.602 1
17335 2808694 44A835 JAF184 5547 -0.1258500 39.7842400 21550.00 400.70 63.00 3648.00 0 0 0 0 2015/10/19 13:14:09.769
13:14:11.604 1
17335 2808694 44A835 JAF184 5547 -0.1239500 39.7850200 21625.00 400.70 63.00 3584.00 0 0 0 0 2015/10/19 13:14:10.785
13:14:12.605 1
17335 2808694 44A835 JAF184 5547 -0.1239500 39.7850200 21625.00 400.70 63.00 3584.00 0 0 0 0 2015/10/19 13:14:10.785
13:14:13.626 1
17335 2808694 44A835 JAF184 5547 -0.1200700 39.7866200 21700.00 400.70 63.00 3392.00 0 0 0 0 2015/10/19 13:14:12.613
13:14:14.607 1
17335 2808694 44A835 JAF184 5547 -0.1177400 39.7875900 21775.00 401.60 63.10 3328.00 0 0 0 0 2015/10/19 13:14:13.628
13:14:15.608 1
17335 2808694 44A835 JAF184 5547 -0.1177400 39.7875900 21775.00 401.60 63.10 3328.00 0 0 0 0 2015/10/19 13:14:13.628
13:14:16.614 1
17335 2808694 44A835 JAF184 5547 -0.1177400 39.7875900 21775.00 401.60 63.10 3328.00 0 0 0 0 2015/10/19 13:14:13.628
13:14:17.615 1
17335 2808694 44A835 JAF184 5547 -0.1112400 39.7902400 21925.00 405.80 61.90 3264.00 0 0 0 0 2015/10/19 13:14:16.675
13:14:18.617 1
17335 2808694 44A835 JAF184 5547 -0.1112400 39.7902400 21925.00 405.80 61.90 3264.00 0 0 0 0 2015/10/19 13:14:16.675
13:14:19.637 1
17335 2808694 44A835 JAF184 5547 -0.1112400 39.7902400 21925.00 405.80 61.90 3264.00 0 0 0 0 2015/10/19 13:14:16.675
13:14:20.623 1
17335 2808694 44A835 JAF184 5547 -0.1054400 39.7926200 22050.00 406.60 62.00 3200.00 0 0 0 0 2015/10/19 13:14:19.316
13:14:21.625 1
17335 2808694 44A835 JAF184 5547 -0.1022300 39.7939200 22125.00 407.50 62.10 3136.00 0 0 0 0 2015/10/19 13:14:20.738
13:14:22.629 1
17335 2808694 44A835 JAF184 5547 -0.1002500 39.7947200 22175.00 407.50 62.10 3072.00 0 0 0 0 2015/10/19 13:14:21.754
13:14:23.632 1
17335 2808694 44A835 JAF184 5547 -0.0979000 39.7957400 22225.00 408.00 61.90 3072.00 0 0 0 0 2015/10/19 13:14:22.769
13:14:24.632 1
17335 2808694 44A835 JAF184 5547 -0.0979000 39.7957400 22225.00 408.00 61.90 3072.00 0 0 0 0 2015/10/19 13:14:22.769
13:14:25.633 1
17335 2808694 44A835 JAF184 5547 -0.0979000 39.7957400 22225.00 408.00 61.90 3072.00 0 0 0 0 2015/10/19 13:14:22.769
13:14:26.634 1
17335 2808694 44A835 JAF184 5547 -0.0979000 39.7957400 22225.00 408.00 61.90 3072.00 0 0 0 0 2015/10/19 13:14:22.769
13:14:27.638 1
17335 2808694 44A835 JAF184 5547 -0.0905200 39.7987500 22400.00 408.90 62.00 3328.00 0 0 0 0 2015/10/19 13:14:26.222
13:14:28.643 1
17335 2808694 44A835 JAF184 5547 -0.0870400 39.8001600 22500.00 408.90 62.00 3392.00 0 0 0 0 2015/10/19 13:14:27.847
13:14:29.649 1
17335 2808694 44A835 JAF184 5547 -0.0849000 39.8010500 22550.00 409.40 61.90 3456.00 0 0 0 0 2015/10/19 13:14:28.863
13:14:30.649 1
17335 2808694 44A835 JAF184 5547 -0.0827600 39.8019600 22625.00 409.40 61.90 3520.00 0 0 0 0 2015/10/19 13:14:29.879
13:14:31.652 1
17335 2808694 44A835 JAF184 5547 -0.0803800 39.8029500 22675.00 409.40 61.90 3648.00 0 0 0 0 2015/10/19 13:14:30.894
13:14:32.653 1
17335 2808694 44A835 JAF184 5547 -0.0781900 39.8038400 22750.00 409.40 61.90 3712.00 0 0 0 0 2015/10/19 13:14:31.910
13:14:33.655 1
17335 2808694 44A835 JAF184 5547 -0.0781900 39.8038400 22750.00 409.40 61.90 3712.00 0 0 0 0 2015/10/19 13:14:31.910
13:14:34.656 1
17335 2808694 44A835 JAF184 5547 -0.0742800 39.8054200 22850.00 408.90 62.00 3712.00 0 0 0 0 2015/10/19 13:14:33.738
13:14:35.657 1
17335 2808694 44A835 JAF184 5547 -0.0718900 39.8064000 22925.00 408.90 62.00 3648.00 0 0 0 0 2015/10/19 13:14:34.957
13:14:36.662 1
17335 2808694 44A835 JAF184 5547 -0.0697600 39.8072800 22975.00 408.90 62.00 3584.00 0 0 0 0 2015/10/19 13:14:35.770
13:14:37.666 1
17335 2808694 44A835 JAF184 5547 -0.0697600 39.8072800 22975.00 408.90 62.00 3584.00 0 0 0 0 2015/10/19 13:14:35.770
13:14:38.670 1
17335 2808694 44A835 JAF184 5547 -0.0654300 39.8091000 23075.00 408.90 62.00 3456.00 0 0 0 0 2015/10/19 13:14:37.801
13:14:39.673 1
17335 2808694 44A835 JAF184 5547 -0.0654300 39.8091000 23075.00 408.90 62.00 3456.00 0 0 0 0 2015/10/19 13:14:37.801
13:14:40.678 1
17335 2808694 44A835 JAF184 5547 -0.0611000 39.8108700 23200.00 410.20 61.90 3392.00 0 0 0 0 2015/10/19 13:14:39.832
13:14:41.679 1
17335 2808694 44A835 JAF184 5547 -0.0591100 39.8116600 23250.00 410.20 61.90 3456.00 0 0 0 0 2015/10/19 13:14:40.848
13:14:42.681 1
17335 2808694 44A835 JAF184 5547 -0.0591100 39.8116600 23250.00 410.20 61.90 3456.00 0 0 0 0 2015/10/19 13:14:40.848
13:14:43.684 1
17335 2808694 44A835 JAF184 5547 -0.0591100 39.8116600 23250.00 410.20 61.90 3456.00 0 0 0 0 2015/10/19 13:14:40.848
13:14:44.687 1
17335 2808694 44A835 JAF184 5547 -0.0591100 39.8116600 23250.00 410.20 61.90 3456.00 0 0 0 0 2015/10/19 13:14:40.848
13:14:45.688 1
17335 2808694 44A835 JAF184 5547 -0.0591100 39.8116600 23250.00 410.20 61.90 3456.00 0 0 0 0 2015/10/19 13:14:40.848
13:14:46.691 1
17335 2808694 44A835 JAF184 5547 -0.0477300 39.8165500 23550.00 405.40 61.40 3712.00 0 0 0 0 2015/10/19 13:14:45.926
13:14:47.694 1
17335 2808694 44A835 JAF184 5547 -0.0458000 39.8173800 23600.00 405.40 61.40 3712.00 0 0 0 0 2015/10/19 13:14:46.942
13:14:48.694 1
17335 2808694 44A835 JAF184 5547 -0.0445600 39.8179900 23625.00 404.70 60.70 3648.00 0 0 0 0 2015/10/19 13:14:47.551
13:14:49.701 1
17335 2808694 44A835 JAF184 5547 -0.0422700 39.8191200 23700.00 409.50 59.00 3520.00 0 0 0 0 2015/10/19 13:14:48.567
13:14:50.703 1
17335 2808694 44A835 JAF184 5547 -0.0422700 39.8191200 23700.00 409.50 59.00 3520.00 0 0 0 0 2015/10/19 13:14:48.567
13:14:51.705 1
17335 2808694 44A835 JAF184 5547 -0.0383900 39.8211600 23775.00 405.10 58.10 3200.00 0 0 0 0 2015/10/19 13:14:50.598
13:14:52.708 1
17335 2808694 44A835 JAF184 5547 -0.0359500 39.8224600 23850.00 409.90 56.00 3136.00 0 0 0 0 2015/10/19 13:14:51.817
13:14:53.714 1
17335 2808694 44A835 JAF184 5547 -0.0352200 39.8229300 23850.00 404.70 55.90 3072.00 0 0 0 0 2015/10/19 13:14:52.223
13:14:54.714 1
17335 2808694 44A835 JAF184 5547 -0.0352200 39.8229300 23850.00 404.70 55.90 3072.00 0 0 0 0 2015/10/19 13:14:52.223
13:14:55.716 1
17335 2808694 44A835 JAF184 5547 -0.0352200 39.8229300 23850.00 404.70 55.90 3072.00 0 0 0 0 2015/10/19 13:14:52.223
13:14:56.721 1
17335 2808694 44A835 JAF184 5547 -0.0352200 39.8229300 23850.00 404.70 55.90 3072.00 0 0 0 0 2015/10/19 13:14:52.223
13:14:57.720 1
17335 2808694 44A835 JAF184 5547 -0.0260600 39.8287400 24100.00 405.30 51.00 3328.00 0 0 0 0 2015/10/19 13:14:56.895
13:14:58.723 1
17335 2808694 44A835 JAF184 5547 -0.0260600 39.8287400 24100.00 405.30 51.00 3328.00 0 0 0 0 2015/10/19 13:14:56.895
13:14:59.731 1
17335 2808694 44A835 JAF184 5547 -0.0260600 39.8287400 24100.00 405.30 51.00 3328.00 0 0 0 0 2015/10/19 13:14:56.895
13:15:00.731 1
17335 2808694 44A835 JAF184 5547 -0.0260600 39.8287400 24100.00 405.30 51.00 3328.00 0 0 0 0 2015/10/19 13:14:56.895
13:15:01.732 1
17335 2808694 44A835 JAF184 5547 -0.0260600 39.8287400 24100.00 405.30 51.00 3328.00 0 0 0 0 2015/10/19 13:14:56.895
13:15:02.736 1
17335 2808694 44A835 JAF184 5547 -0.0178500 39.8351400 24325.00 410.80 44.50 3200.00 0 0 0 0 2015/10/19 13:15:01.770
13:15:03.737 1
17335 2808694 44A835 JAF184 5547 -0.0157500 39.8369800 24400.00 405.90 44.20 3136.00 0 0 0 0 2015/10/19 13:15:02.989
13:15:04.742 1
17335 2808694 44A835 JAF184 5547 -0.0140300 39.8386200 24450.00 411.30 42.30 3136.00 0 0 0 0 2015/10/19 13:15:04.005
13:15:05.747 1
17335 2808694 44A835 JAF184 5547 -0.0125700 39.8399200 24500.00 405.60 40.80 3136.00 0 0 0 0 2015/10/19 13:15:05.020
13:15:06.747 1
17335 2808694 44A835 JAF184 5547 -0.0116600 39.8408500 24525.00 405.60 40.80 3136.00 0 0 0 0 2015/10/19 13:15:05.630
13:15:07.747 1
17335 2808694 44A835 JAF184 5547 -0.0116600 39.8408500 24525.00 405.60 40.80 3136.00 0 0 0 0 2015/10/19 13:15:05.630
13:15:08.751 1
17335 2808694 44A835 JAF184 5547 -0.0086700 39.8439200 24625.00 412.00 37.70 3136.00 0 0 0 0 2015/10/19 13:15:07.458
13:15:09.757 1
17335 2808694 44A835 JAF184 5547 -0.0072600 39.8454600 24675.00 406.00 37.30 3200.00 0 0 0 0 2015/10/19 13:15:08.474
13:15:10.759 1
17335 2808694 44A835 JAF184 5547 -0.0072600 39.8454600 24675.00 406.00 37.30 3200.00 0 0 0 0 2015/10/19 13:15:08.474
13:15:11.761 1
17335 2808694 44A835 JAF184 5547 -0.0072600 39.8454600 24675.00 406.00 37.30 3200.00 0 0 0 0 2015/10/19 13:15:08.474
13:15:12.762 1
17335 2808694 44A835 JAF184 5547 -0.0028100 39.8508000 24825.00 405.80 33.80 3200.00 0 0 0 0 2015/10/19 13:15:11.927
13:15:13.765 1
17335 2808694 44A835 JAF184 5547 -0.0017100 39.8523000 24875.00 406.10 32.60 3136.00 0 0 0 0 2015/10/19 13:15:12.739
13:15:14.768 1
17335 2808694 44A835 JAF184 5547 -0.0004900 39.8539800 24900.00 412.60 30.90 3136.00 0 0 0 0 2015/10/19 13:15:13.755
13:15:15.768 1
17335 2808694 44A835 JAF184 5547 0.0008400 39.8558300 24950.00 413.00 29.90 3072.00 0 0 0 0 2015/10/19 13:15:14.974
13:15:16.770 1
17335 2808694 44A835 JAF184 5547 0.0018300 39.8573700 25000.00 407.00 29.30 3072.00 0 0 0 0 2015/10/19 13:15:15.786
13:15:17.777 1
17335 2808694 44A835 JAF184 5547 0.0018300 39.8573700 25000.00 407.00 29.30 3072.00 0 0 0 0 2015/10/19 13:15:15.786
13:15:18.780 1
17335 2808694 44A835 JAF184 5547 0.0040600 39.8610100 25100.00 413.70 26.60 2944.00 0 0 0 0 2015/10/19 13:15:17.818
13:15:19.782 1
17335 2808694 44A835 JAF184 5547 0.0040600 39.8610100 25100.00 413.70 26.60 2944.00 0 0 0 0 2015/10/19 13:15:17.818
13:15:20.782 1
17335 2808694 44A835 JAF184 5547 0.0040600 39.8610100 25100.00 413.70 26.60 2944.00 0 0 0 0 2015/10/19 13:15:17.818
13:15:21.787 1
17335 2808694 44A835 JAF184 5547 0.0068400 39.8661700 25225.00 407.10 23.60 2816.00 0 0 0 0 2015/10/19 13:15:20.864
13:15:22.791 1
17335 2808694 44A835 JAF184 5547 0.0068400 39.8661700 25225.00 407.10 23.60 2816.00 0 0 0 0 2015/10/19 13:15:20.864
13:15:23.795 1
17335 2808694 44A835 JAF184 5547 0.0087300 39.8701800 25325.00 407.10 23.60 2816.00 0 0 0 0 2015/10/19 13:15:22.896
13:15:24.796 1
17335 2808694 44A835 JAF184 5547 0.0094600 39.8720400 25350.00 408.10 20.20 2816.00 0 0 0 0 2015/10/19 13:15:23.911
13:15:25.797 1
17335 2808694 44A835 JAF184 5547 0.0094600 39.8720400 25350.00 408.10 20.20 2816.00 0 0 0 0 2015/10/19 13:15:23.911
13:15:26.797 1
17335 2808694 44A835 JAF184 5547 0.0106200 39.8749700 25425.00 408.90 18.40 2880.00 0 0 0 0 2015/10/19 13:15:25.536
13:15:27.805 1
17335 2808694 44A835 JAF184 5547 0.0106200 39.8749700 25425.00 408.90 18.40 2880.00 0 0 0 0 2015/10/19 13:15:25.536
13:15:28.806 1
17335 2808694 44A835 JAF184 5547 0.0119400 39.8784900 25525.00 417.60 16.70 2816.00 0 0 0 0 2015/10/19 13:15:27.427
13:15:29.809 1
17335 2808694 44A835 JAF184 5547 0.0130800 39.8815200 25575.00 418.10 16.00 2752.00 0 0 0 0 2015/10/19 13:15:28.990
13:15:30.813 1
17335 2808694 44A835 JAF184 5547 0.0136100 39.8831600 25625.00 418.10 16.00 2752.00 0 0 0 0 2015/10/19 13:15:29.802
13:15:31.814 1
17335 2808694 44A835 JAF184 5547 0.0143400 39.8850300 25675.00 417.90 15.80 2688.00 0 0 0 0 2015/10/19 13:15:31.021
13:15:32.832 1
17335 2808694 44A835 JAF184 5547 0.0147700 39.8861400 25675.00 417.90 15.80 2688.00 0 0 0 0 2015/10/19 13:15:31.630
13:15:33.821 1
17335 2808694 44A835 JAF184 5547 0.0156400 39.8885700 25750.00 418.80 15.80 2560.00 0 0 0 0 2015/10/19 13:15:32.849
13:15:34.823 1
17335 2808694 44A835 JAF184 5547 0.0163000 39.8902900 25775.00 419.80 15.80 2560.00 0 0 0 0 2015/10/19 13:15:33.865
13:15:35.828 1
17335 2808694 44A835 JAF184 5547 0.0169700 39.8921500 25825.00 419.80 15.80 2496.00 0 0 0 0 2015/10/19 13:15:34.880
13:15:36.832 1
17335 2808694 44A835 JAF184 5547 0.0169700 39.8921500 25825.00 419.80 15.80 2496.00 0 0 0 0 2015/10/19 13:15:34.880
13:15:37.832 1
17335 2808694 44A835 JAF184 5547 0.0184900 39.8962500 25900.00 420.00 15.90 2496.00 0 0 0 0 2015/10/19 13:15:36.912
13:15:38.834 1
17335 2808694 44A835 JAF184 5547 0.0184900 39.8962500 25900.00 420.00 15.90 2496.00 0 0 0 0 2015/10/19 13:15:36.912
13:15:39.838 1
17335 2808694 44A835 JAF184 5547 0.0199000 39.9000200 26000.00 421.00 15.90 2560.00 0 0 0 0 2015/10/19 13:15:38.943
13:15:40.841 1
17335 2808694 44A835 JAF184 5547 0.0205700 39.9018800 26025.00 421.00 15.90 2560.00 0 0 0 0 2015/10/19 13:15:39.959
13:15:41.860 1
17335 2808694 44A835 JAF184 5547 0.0205700 39.9018800 26025.00 421.00 15.90 2560.00 0 0 0 0 2015/10/19 13:15:39.959
13:15:42.845 1
17335 2808694 44A835 JAF184 5547 0.0205700 39.9018800 26025.00 421.00 15.90 2560.00 0 0 0 0 2015/10/19 13:15:39.959
13:15:43.865 1
17335 2808694 44A835 JAF184 5547 0.0226900 39.9077000 26150.00 422.00 15.80 2560.00 0 0 0 0 2015/10/19 13:15:43.006
13:15:44.850 1
17335 2808694 44A835 JAF184 5547 0.0226900 39.9077000 26150.00 422.00 15.80 2560.00 0 0 0 0 2015/10/19 13:15:43.006
13:15:45.854 1
17335 2808694 44A835 JAF184 5547 0.0226900 39.9077000 26200.00 422.00 15.80 2560.00 0 0 0 0 2015/10/19 13:15:43.006
13:15:46.863 1
17335 2808694 44A835 JAF184 5547 0.0245400 39.9126000 26275.00 415.20 16.10 2496.00 0 0 0 0 2015/10/19 13:15:45.646
13:15:47.866 1
17335 2808694 44A835 JAF184 5547 0.0245400 39.9126000 26275.00 415.20 16.10 2496.00 0 0 0 0 2015/10/19 13:15:45.646
13:15:48.864 1
17335 2808694 44A835 JAF184 5547 0.0245400 39.9126000 26275.00 415.20 16.10 2496.00 0 0 0 0 2015/10/19 13:15:45.646
13:15:49.865 1
17335 2808694 44A835 JAF184 5547 0.0265500 39.9180800 26375.00 416.50 16.20 2432.00 0 0 0 0 2015/10/19 13:15:48.490
13:15:50.864 1
17335 2808694 44A835 JAF184 5547 0.0272900 39.9201500 26425.00 416.50 16.20 2368.00 0 0 0 0 2015/10/19 13:15:49.709
13:15:51.869 1
17335 2808694 44A835 JAF184 5547 0.0280800 39.9222700 26450.00 417.40 16.10 2368.00 0 0 0 0 2015/10/19 13:15:50.725
13:15:52.872 1
17335 2808694 44A835 JAF184 5547 0.0287800 39.9241300 26500.00 417.40 16.10 2368.00 0 0 0 0 2015/10/19 13:15:51.740
13:15:53.878 1
17335 2808694 44A835 JAF184 5547 0.0294000 39.9260400 26525.00 417.40 16.10 2368.00 0 0 0 0 2015/10/19 13:15:52.756
13:15:54.883 1
17335 2808694 44A835 JAF184 5547 0.0301500 39.9279500 26575.00 418.40 16.10 2368.00 0 0 0 0 2015/10/19 13:15:53.772
13:15:55.902 1
17335 2808694 44A835 JAF184 5547 0.0301500 39.9279500 26575.00 418.40 16.10 2368.00 0 0 0 0 2015/10/19 13:15:53.772
13:15:56.888 1
17335 2808694 44A835 JAF184 5547 0.0316200 39.9319200 26650.00 418.40 16.10 2432.00 0 0 0 0 2015/10/19 13:15:55.803
13:15:57.896 1
17335 2808694 44A835 JAF184 5547 0.0324000 39.9340000 26700.00 419.40 16.10 2432.00 0 0 0 0 2015/10/19 13:15:57.022
13:15:58.901 1
17335 2808694 44A835 JAF184 5547 0.0327700 39.9351600 26725.00 419.40 16.10 2368.00 0 0 0 0 2015/10/19 13:15:57.428
13:15:59.905 1
17335 2808694 44A835 JAF184 5547 0.0327700 39.9351600 26725.00 419.40 16.10 2368.00 0 0 0 0 2015/10/19 13:15:57.428
13:16:00.909 1
17335 2808694 44A835 JAF184 5547 0.0342400 39.9391500 26800.00 419.40 16.10 2304.00 0 0 0 0 2015/10/19 13:15:59.662
13:16:01.913 1
17335 2808694 44A835 JAF184 5547 0.0342400 39.9391500 26800.00 419.40 16.10 2304.00 0 0 0 0 2015/10/19 13:15:59.662
13:16:02.919 1
17335 2808694 44A835 JAF184 5547 0.0342400 39.9391500 26800.00 419.40 16.10 2304.00 0 0 0 0 2015/10/19 13:15:59.662
13:16:03.918 1
17335 2808694 44A835 JAF184 5547 0.0360200 39.9439600 26900.00 421.60 16.10 2240.00 0 0 0 0 2015/10/19 13:16:02.162
13:16:04.921 1
17335 2808694 44A835 JAF184 5547 0.0371400 39.9469900 26950.00 421.60 16.10 2304.00 0 0 0 0 2015/10/19 13:16:03.725
13:16:05.926 1
17335 2808694 44A835 JAF184 5547 0.0379000 39.9490800 27000.00 421.60 16.10 2304.00 0 0 0 0 2015/10/19 13:16:04.944
13:16:06.927 1
17335 2808694 44A835 JAF184 5547 0.0387000 39.9512200 27025.00 422.50 16.10 2368.00 0 0 0 0 2015/10/19 13:16:05.959
13:16:07.931 1
17335 2808694 44A835 JAF184 5547 0.0387000 39.9512200 27025.00 422.50 16.10 2368.00 0 0 0 0 2015/10/19 13:16:05.959
13:16:08.936 1
17335 2808694 44A835 JAF184 5547 0.0401600 39.9552600 27125.00 422.50 16.10 2496.00 0 0 0 0 2015/10/19 13:16:07.991
13:16:09.942 1
17335 2808694 44A835 JAF184 5547 0.0401600 39.9552600 27125.00 422.50 16.10 2496.00 0 0 0 0 2015/10/19 13:16:07.991
13:16:10.946 1
17335 2808694 44A835 JAF184 5547 0.0413900 39.9584900 27200.00 422.50 16.10 2496.00 0 0 0 0 2015/10/19 13:16:09.819
13:16:11.947 1
17335 2808694 44A835 JAF184 5547 0.0422000 39.9608100 27225.00 431.20 15.70 2496.00 0 0 0 0 2015/10/19 13:16:10.834
13:16:12.948 1
17335 2808694 44A835 JAF184 5547 0.0426300 39.9619800 27250.00 431.20 15.70 2496.00 0 0 0 0 2015/10/19 13:16:11.444
13:16:13.947 1
17335 2808694 44A835 JAF184 5547 0.0434000 39.9640500 27300.00 431.20 15.70 2432.00 0 0 0 0 2015/10/19 13:16:12.663
13:16:14.950 1
17335 2808694 44A835 JAF184 5547 0.0442000 39.9661700 27350.00 431.20 15.70 2368.00 0 0 0 0 2015/10/19 13:16:13.678
13:16:15.954 1
17335 2808694 44A835 JAF184 5547 0.0448800 39.9679400 27375.00 432.10 15.70 2368.00 0 0 0 0 2015/10/19 13:16:14.694
13:16:16.955 1
17335 2808694 44A835 JAF184 5547 0.0455700 39.9700300 27425.00 432.40 15.80 2304.00 0 0 0 0 2015/10/19 13:16:15.710
13:16:17.961 1
17335 2808694 44A835 JAF184 5547 0.0463200 39.9719900 27450.00 432.40 15.80 2304.00 0 0 0 0 2015/10/19 13:16:16.725
13:16:18.994 1
17335 2808694 44A835 JAF184 5547 0.0470600 39.9740800 27500.00 433.40 15.80 2240.00 0 0 0 0 2015/10/19 13:16:17.944
13:16:19.963 1
17335 2808694 44A835 JAF184 5547 0.0478800 39.9762200 27525.00 433.40 15.80 2240.00 0 0 0 0 2015/10/19 13:16:18.960
13:16:20.966 1
17335 2808694 44A835 JAF184 5547 0.0483100 39.9773900 27550.00 433.40 15.80 2240.00 0 0 0 0 2015/10/19 13:16:19.569
13:16:21.968 1
17335 2808694 44A835 JAF184 5547 0.0491300 39.9797100 27600.00 434.30 15.80 2240.00 0 0 0 0 2015/10/19 13:16:20.788
13:16:22.970 1
17335 2808694 44A835 JAF184 5547 0.0500500 39.9822200 27650.00 434.30 15.80 2240.00 0 0 0 0 2015/10/19 13:16:22.007
13:16:23.975 1
17335 2808694 44A835 JAF184 5547 0.0507800 39.9841500 27675.00 434.60 15.90 2240.00 0 0 0 0 2015/10/19 13:16:23.022
13:16:24.976 1
17335 2808694 44A835 JAF184 5547 0.0507800 39.9841500 27675.00 434.60 15.90 2240.00 0 0 0 0 2015/10/19 13:16:23.022
13:16:25.982 1
17335 2808694 44A835 JAF184 5547 0.0518700 39.9870700 27750.00 435.60 15.90 2304.00 0 0 0 0 2015/10/19 13:16:24.647
13:16:26.982 1
17335 2808694 44A835 JAF184 5547 0.0526100 39.9891800 27775.00 435.60 15.90 2304.00 0 0 0 0 2015/10/19 13:16:25.663
13:16:27.984 1
17335 2808694 44A835 JAF184 5547 0.0533100 39.9909300 27825.00 435.60 15.90 2368.00 0 0 0 0 2015/10/19 13:16:26.476
13:16:28.987 1
17335 2808694 44A835 JAF184 5547 0.0536500 39.9919300 27825.00 435.60 15.90 2368.00 0 0 0 0 2015/10/19 13:16:27.179
13:16:29.992 1
17335 2808694 44A835 JAF184 5547 0.0548700 39.9952200 27900.00 436.50 15.80 2368.00 0 0 0 0 2015/10/19 13:16:28.710
13:16:30.994 1
17335 2808694 44A835 JAF184 5547 0.0551200 39.9960100 27925.00 436.50 15.80 2368.00 0 0 0 0 2015/10/19 13:16:29.163
13:16:31.997 1
17335 2808694 44A835 JAF184 5547 0.0565200 39.9996600 27975.00 436.50 15.80 2304.00 0 0 0 0 2015/10/19 13:16:30.944
13:16:33.003 1
17335 2808694 44A835 JAF184 5547 0.0572500 40.0016300 28025.00 437.50 15.80 2240.00 0 0 0 0 2015/10/19 13:16:31.960
13:16:34.009 1
17335 2808694 44A835 JAF184 5547 0.0578700 40.0033600 28050.00 437.50 15.80 2240.00 0 0 0 0 2015/10/19 13:16:32.976
13:16:35.010 1
17335 2808694 44A835 JAF184 5547 0.0586100 40.0053200 28100.00 437.50 15.80 2240.00 0 0 0 0 2015/10/19 13:16:33.991
13:16:36.016 1
17335 2808694 44A835 JAF184 5547 0.0593000 40.0072700 28125.00 437.50 15.80 2240.00 0 0 0 0 2015/10/19 13:16:35.007
13:16:37.014 1
17335 2808694 44A835 JAF184 5547 0.0600500 40.0092300 28175.00 437.50 15.80 2240.00 0 0 0 0 2015/10/19 13:16:36.023
13:16:38.018 1
17335 2808694 44A835 JAF184 5547 0.0606700 40.0109700 28200.00 438.70 15.90 2240.00 0 0 0 0 2015/10/19 13:16:36.835
13:16:39.020 1
17335 2808694 44A835 JAF184 5547 0.0614000 40.0129400 28225.00 438.70 15.90 2240.00 0 0 0 0 2015/10/19 13:16:37.851
13:16:40.023 1
17335 2808694 44A835 JAF184 5547 0.0618300 40.0141300 28250.00 438.70 15.90 2240.00 0 0 0 0 2015/10/19 13:16:38.460
13:16:41.027 1
17335 2808694 44A835 JAF184 5547 0.0618300 40.0141300 28250.00 438.70 15.90 2240.00 0 0 0 0 2015/10/19 13:16:38.460
13:16:42.032 1
17335 2808694 44A835 JAF184 5547 0.0635400 40.0188000 28325.00 432.00 16.10 2112.00 0 0 0 0 2015/10/19 13:16:40.898
13:16:43.037 1
17335 2808694 44A835 JAF184 5547 0.0642700 40.0207700 28350.00 432.00 16.10 1984.00 0 0 0 0 2015/10/19 13:16:41.913
13:16:44.042 1
17335 2808694 44A835 JAF184 5547 0.0650000 40.0227400 28375.00 432.00 16.10 1792.00 0 0 0 0 2015/10/19 13:16:42.929
13:16:45.044 1
17335 2808694 44A835 JAF184 5547 0.0653600 40.0237100 28400.00 433.20 16.20 1600.00 0 0 0 0 2015/10/19 13:16:43.335
13:16:46.048 1
17335 2808694 44A835 JAF184 5547 0.0653600 40.0237100 28400.00 433.20 16.20 1600.00 0 0 0 0 2015/10/19 13:16:43.335
13:16:47.051 1
17335 2808694 44A835 JAF184 5547 0.0672000 40.0286400 28450.00 433.20 16.20 1280.00 0 0 0 0 2015/10/19 13:16:45.976
13:16:48.086 1
17335 2808694 44A835 JAF184 5547 0.0672000 40.0286400 28450.00 433.20 16.20 1280.00 0 0 0 0 2015/10/19 13:16:45.976
13:16:49.056 1
17335 2808694 44A835 JAF184 5547 0.0672000 40.0286400 28450.00 433.20 16.20 1280.00 0 0 0 0 2015/10/19 13:16:45.976
13:16:50.062 1
17335 2808694 44A835 JAF184 5547 0.0692900 40.0343200 28500.00 434.20 16.20 1088.00 0 0 0 0 2015/10/19 13:16:48.820
13:16:51.063 1
17335 2808694 44A835 JAF184 5547 0.0692900 40.0343200 28500.00 434.20 16.20 1088.00 0 0 0 0 2015/10/19 13:16:48.820
13:16:52.063 1
17335 2808694 44A835 JAF184 5547 0.0692900 40.0343200 28500.00 434.20 16.20 1088.00 0 0 0 0 2015/10/19 13:16:48.820
13:16:53.069 1
17335 2808694 44A835 JAF184 5547 0.0692900 40.0343200 28500.00 434.20 16.20 1088.00 0 0 0 0 2015/10/19 13:16:48.820
13:16:54.068 1
17335 2808694 44A835 JAF184 5547 0.0722200 40.0421900 28550.00 434.20 16.20 1024.00 0 0 0 0 2015/10/19 13:16:52.679
13:16:55.074 1
17335 2808694 44A835 JAF184 5547 0.0730600 40.0443900 28575.00 434.20 16.20 1024.00 0 0 0 0 2015/10/19 13:16:53.898
13:16:56.078 1
17335 2808694 44A835 JAF184 5547 0.0737200 40.0461400 28600.00 435.40 16.30 1024.00 0 0 0 0 2015/10/19 13:16:54.914
13:16:57.114 1
17335 2808694 44A835 JAF184 5547 0.0744100 40.0481000 28625.00 435.40 16.30 1024.00 0 0 0 0 2015/10/19 13:16:55.726
13:16:58.085 1
17335 2808694 44A835 JAF184 5547 0.0752600 40.0502900 28625.00 435.40 16.30 1088.00 0 0 0 0 2015/10/19 13:16:56.742
13:16:59.086 1
17335 2808694 44A835 JAF184 5547 0.0752600 40.0502900 28625.00 436.40 16.20 1088.00 0 0 0 0 2015/10/19 13:16:56.742
13:17:00.089 1
17335 2808694 44A835 JAF184 5547 0.0767800 40.0544600 28675.00 436.40 16.20 1088.00 0 0 0 0 2015/10/19 13:16:58.976
13:17:01.090 1
17335 2808694 44A835 JAF184 5547 0.0775900 40.0566200 28700.00 437.60 16.30 1088.00 0 0 0 0 2015/10/19 13:16:59.992
13:17:02.095 1
17335 2808694 44A835 JAF184 5547 0.0782500 40.0584000 28725.00 437.60 16.30 1088.00 0 0 0 0 2015/10/19 13:17:01.008
13:17:03.097 1
17335 2808694 44A835 JAF184 5547 0.0789800 40.0604100 28725.00 438.60 16.30 1088.00 0 0 0 0 2015/10/19 13:17:02.023
13:17:04.102 1
17335 2808694 44A835 JAF184 5547 0.0789800 40.0604100 28725.00 438.60 16.30 1088.00 0 0 0 0 2015/10/19 13:17:02.023
13:17:05.105 1
17335 2808694 44A835 JAF184 5547 0.0789800 40.0604100 28725.00 438.60 16.30 1088.00 0 0 0 0 2015/10/19 13:17:02.023
13:17:06.107 1
17335 2808694 44A835 JAF184 5547 0.0805100 40.0643900 28775.00 448.50 16.10 1152.00 0 0 0 0 2015/10/19 13:17:04.164
13:17:07.107 1
17335 2808694 44A835 JAF184 5547 0.0813400 40.0665800 28800.00 448.50 16.10 1152.00 0 0 0 0 2015/10/19 13:17:05.164
13:17:08.108 1
17335 2808694 44A835 JAF184 5547 0.0827600 40.0703900 28825.00 449.40 16.00 1152.00 0 0 0 0 2015/10/19 13:17:06.898
13:17:09.135 1
17335 2808694 44A835 JAF184 5547 0.0827600 40.0703900 28825.00 449.40 16.00 1152.00 0 0 0 0 2015/10/19 13:17:06.898
13:17:10.119 1
17335 2808694 44A835 JAF184 5547 0.0827600 40.0703900 28825.00 449.40 16.00 1152.00 0 0 0 0 2015/10/19 13:17:06.898
13:17:11.122 1
17335 2808694 44A835 JAF184 5547 0.0844100 40.0748300 28875.00 451.60 16.10 1152.00 0 0 0 0 2015/10/19 13:17:09.164
13:17:12.127 1
17335 2808694 44A835 JAF184 5547 0.0850800 40.0766400 28875.00 451.60 16.10 1152.00 0 0 0 0 2015/10/19 13:17:10.180
13:17:13.130 1
17335 2808694 44A835 JAF184 5547 0.0865800 40.0806400 28925.00 452.60 16.00 1152.00 0 0 0 0 2015/10/19 13:17:11.977
13:17:14.135 1
17335 2808694 44A835 JAF184 5547 0.0865800 40.0806400 28925.00 452.60 16.00 1152.00 0 0 0 0 2015/10/19 13:17:11.977
13:17:15.136 1
17335 2808694 44A835 JAF184 5547 0.0874000 40.0828900 28950.00 453.60 16.00 1152.00 0 0 0 0 2015/10/19 13:17:13.195
13:17:16.142 1
17335 2808694 44A835 JAF184 5547 0.0887500 40.0865000 28975.00 454.50 16.00 1152.00 0 0 0 0 2015/10/19 13:17:15.024
13:17:17.144 1
17335 2808694 44A835 JAF184 5547 0.0887500 40.0865000 28975.00 454.50 16.00 1152.00 0 0 0 0 2015/10/19 13:17:15.024
13:17:18.149 1
17335 2808694 44A835 JAF184 5547 0.0896600 40.0887500 29000.00 455.80 16.00 1152.00 0 0 0 0 2015/10/19 13:17:16.164
13:17:19.153 1
17335 2808694 44A835 JAF184 5547 0.0908200 40.0920000 29025.00 455.80 16.00 1152.00 0 0 0 0 2015/10/19 13:17:17.664
13:17:20.157 1
17335 2808694 44A835 JAF184 5547 0.0915700 40.0940500 29050.00 449.00 16.30 1152.00 0 0 0 0 2015/10/19 13:17:18.680
13:17:21.160 1
17335 2808694 44A835 JAF184 5547 0.0915700 40.0940500 29050.00 449.00 16.30 1152.00 0 0 0 0 2015/10/19 13:17:18.680
13:17:22.164 1
17335 2808694 44A835 JAF184 5547 0.0926300 40.0968900 29075.00 450.00 16.30 1152.00 0 0 0 0 2015/10/19 13:17:20.164
13:17:23.164 1
17335 2808694 44A835 JAF184 5547 0.0935700 40.0993500 29100.00 451.00 16.20 1152.00 0 0 0 0 2015/10/19 13:17:21.164
13:17:24.169 1
17335 2808694 44A835 JAF184 5547 0.0943200 40.1014000 29100.00 451.20 16.30 1152.00 0 0 0 0 2015/10/19 13:17:22.180
13:17:25.171 1
17335 2808694 44A835 JAF184 5547 0.0943200 40.1014000 29100.00 451.20 16.30 1152.00 0 0 0 0 2015/10/19 13:17:22.180
13:17:26.207 1
17335 2808694 44A835 JAF184 5547 0.0959400 40.1056800 29150.00 452.20 16.30 1152.00 0 0 0 0 2015/10/19 13:17:24.368
13:17:27.180 1
17335 2808694 44A835 JAF184 5547 0.0970500 40.1087500 29175.00 453.20 16.30 1152.00 0 0 0 0 2015/10/19 13:17:25.790
