19-Oct-2015
13:08:36.559 1
9405 2807980 4CA7AC RYR48XT 1255 0.7128000 38.9985800 17000.00 321.90 294.00 64.00 0 0 0 0 2015/10/19 13:08:35.604
13:08:37.558 1
9405 2807980 4CA7AC RYR48XT 1255 0.7110600 38.9991800 17000.00 321.90 294.00 64.00 0 0 0 0 2015/10/19 13:08:36.620
13:08:38.565 1
9405 2807980 4CA7AC RYR48XT 1255 0.7110600 38.9991800 17000.00 321.90 294.00 64.00 0 0 0 0 2015/10/19 13:08:36.620
13:08:39.564 1
9405 2807980 4CA7AC RYR48XT 1255 0.7071900 39.0005500 17000.00 321.90 294.00 64.00 0 0 0 0 2015/10/19 13:08:38.854
13:08:40.565 1
9405 2807980 4CA7AC RYR48XT 1255 0.7054400 39.0011400 17000.00 321.90 294.00 64.00 0 0 0 0 2015/10/19 13:08:39.870
13:08:41.570 1
9405 2807980 4CA7AC RYR48XT 1255 0.7037200 39.0017400 17000.00 321.90 294.00 64.00 0 0 0 0 2015/10/19 13:08:40.885
13:08:42.573 1
9405 2807980 4CA7AC RYR48XT 1255 0.7037200 39.0017400 17000.00 321.90 294.00 64.00 0 0 0 0 2015/10/19 13:08:40.885
13:08:43.577 1
9405 2807980 4CA7AC RYR48XT 1255 0.7002600 39.0029300 17000.00 321.00 294.10 0.00 0 0 0 0 2015/10/19 13:08:42.917
13:08:44.584 1
9405 2807980 4CA7AC RYR48XT 1255 0.6984900 39.0035600 16975.00 319.60 294.00 -64.00 0 0 0 0 2015/10/19 13:08:43.932
13:08:45.589 1
9405 2807980 4CA7AC RYR48XT 1255 0.6968000 39.0041700 16975.00 318.70 294.10 -64.00 0 0 0 0 2015/10/19 13:08:44.745
13:08:46.590 1
9405 2807980 4CA7AC RYR48XT 1255 0.6954200 39.0046200 16975.00 317.80 294.10 -64.00 0 0 0 0 2015/10/19 13:08:45.761
13:08:47.595 1
9405 2807980 4CA7AC RYR48XT 1255 0.6936600 39.0052400 16975.00 316.50 294.10 -64.00 0 0 0 0 2015/10/19 13:08:46.776
13:08:48.600 1
9405 2807980 4CA7AC RYR48XT 1255 0.6936600 39.0052400 16975.00 316.50 294.10 -64.00 0 0 0 0 2015/10/19 13:08:46.776
13:08:49.603 1
9405 2807980 4CA7AC RYR48XT 1255 0.6899300 39.0065500 16975.00 314.20 294.00 -64.00 0 0 0 0 2015/10/19 13:08:48.808
13:08:50.602 1
9405 2807980 4CA7AC RYR48XT 1255 0.6899300 39.0065500 16975.00 314.20 294.00 -64.00 0 0 0 0 2015/10/19 13:08:48.808
13:08:51.638 1
9405 2807980 4CA7AC RYR48XT 1255 0.6868900 39.0076100 16975.00 314.20 294.00 -64.00 0 0 0 0 2015/10/19 13:08:50.636
13:08:52.608 1
9405 2807980 4CA7AC RYR48XT 1255 0.6868900 39.0076100 16975.00 314.20 294.00 -64.00 0 0 0 0 2015/10/19 13:08:50.636
13:08:53.613 1
9405 2807980 4CA7AC RYR48XT 1255 0.6868900 39.0076100 16975.00 314.20 294.00 -64.00 0 0 0 0 2015/10/19 13:08:50.636
13:08:54.649 1
9405 2807980 4CA7AC RYR48XT 1255 0.6868900 39.0076100 16975.00 314.20 294.00 -64.00 0 0 0 0 2015/10/19 13:08:50.636
13:08:55.617 1
9405 2807980 4CA7AC RYR48XT 1255 0.6868900 39.0076100 16975.00 314.20 294.00 -64.00 0 0 0 0 2015/10/19 13:08:50.636
13:08:56.619 1
9405 2807980 4CA7AC RYR48XT 1255 0.6785300 39.0105300 16975.00 303.50 292.70 0.00 0 0 0 0 2015/10/19 13:08:55.714
13:08:57.620 1
9405 2807980 4CA7AC RYR48XT 1255 0.6768200 39.0111000 16975.00 303.50 292.70 0.00 0 0 0 0 2015/10/19 13:08:56.730
13:08:58.642 1
9405 2807980 4CA7AC RYR48XT 1255 0.6755400 39.0115700 16975.00 301.60 292.80 -64.00 0 0 0 0 2015/10/19 13:08:57.542
13:08:59.626 1
9405 2807980 4CA7AC RYR48XT 1255 0.6745200 39.0119000 16975.00 300.30 292.70 64.00 0 0 0 0 2015/10/19 13:08:58.152
13:09:00.631 1
9405 2807980 4CA7AC RYR48XT 1255 0.6745200 39.0119000 16975.00 300.30 292.70 64.00 0 0 0 0 2015/10/19 13:08:58.152
13:09:01.634 1
9405 2807980 4CA7AC RYR48XT 1255 0.6745200 39.0119000 16975.00 300.30 292.70 64.00 0 0 0 0 2015/10/19 13:08:58.152
13:09:02.665 1
9405 2807980 4CA7AC RYR48XT 1255 0.6690100 39.0138500 16975.00 297.20 292.80 192.00 0 0 0 0 2015/10/19 13:09:01.605
13:09:03.637 1
9405 2807980 4CA7AC RYR48XT 1255 0.6690100 39.0138500 16975.00 297.20 292.80 192.00 0 0 0 0 2015/10/19 13:09:01.605
13:09:04.648 1
9405 2807980 4CA7AC RYR48XT 1255 0.6690100 39.0138500 16975.00 297.20 292.80 192.00 0 0 0 0 2015/10/19 13:09:01.605
13:09:05.645 1
9405 2807980 4CA7AC RYR48XT 1255 0.6690100 39.0138500 16975.00 297.20 292.80 192.00 0 0 0 0 2015/10/19 13:09:01.605
13:09:06.645 1
9405 2807980 4CA7AC RYR48XT 1255 0.6625400 39.0161300 17000.00 294.00 292.80 128.00 0 0 0 0 2015/10/19 13:09:05.667
13:09:07.650 1
9405 2807980 4CA7AC RYR48XT 1255 0.6625400 39.0161300 17000.00 294.00 292.80 128.00 0 0 0 0 2015/10/19 13:09:05.667
13:09:08.650 1
9405 2807980 4CA7AC RYR48XT 1255 0.6590000 39.0173500 17000.00 293.10 292.90 64.00 0 0 0 0 2015/10/19 13:09:07.699
13:09:09.654 1
9405 2807980 4CA7AC RYR48XT 1255 0.6574100 39.0179000 17000.00 291.80 292.80 0.00 0 0 0 0 2015/10/19 13:09:08.917
13:09:10.658 1
9405 2807980 4CA7AC RYR48XT 1255 0.6574100 39.0179000 17000.00 291.80 292.80 0.00 0 0 0 0 2015/10/19 13:09:08.917
13:09:11.659 1
9405 2807980 4CA7AC RYR48XT 1255 0.6574100 39.0179000 17000.00 291.80 292.80 0.00 0 0 0 0 2015/10/19 13:09:08.917
13:09:12.661 1
9405 2807980 4CA7AC RYR48XT 1255 0.6526700 39.0195900 16975.00 289.90 292.90 0.00 0 0 0 0 2015/10/19 13:09:11.558
13:09:13.665 1
9405 2807980 4CA7AC RYR48XT 1255 0.6526700 39.0195900 16975.00 289.90 292.90 0.00 0 0 0 0 2015/10/19 13:09:11.558
13:09:14.664 1
9405 2807980 4CA7AC RYR48XT 1255 0.6526700 39.0195900 16975.00 289.90 292.90 0.00 0 0 0 0 2015/10/19 13:09:11.558
13:09:15.670 1
9405 2807980 4CA7AC RYR48XT 1255 0.6526700 39.0195900 16975.00 289.90 292.90 0.00 0 0 0 0 2015/10/19 13:09:11.558
13:09:16.690 1
9405 2807980 4CA7AC RYR48XT 1255 0.6526700 39.0195900 16975.00 289.90 292.90 0.00 0 0 0 0 2015/10/19 13:09:11.558
13:09:17.672 1
9405 2807980 4CA7AC RYR48XT 1255 0.6450900 39.0222500 17000.00 287.30 292.70 0.00 0 0 0 0 2015/10/19 13:09:16.433
13:09:18.677 1
9405 2807980 4CA7AC RYR48XT 1255 0.6434900 39.0227900 17000.00 287.30 292.70 128.00 0 0 0 0 2015/10/19 13:09:17.449
13:09:19.681 1
9405 2807980 4CA7AC RYR48XT 1255 0.6419200 39.0233500 17000.00 287.30 292.70 128.00 0 0 0 0 2015/10/19 13:09:18.465
13:09:20.684 1
9405 2807980 4CA7AC RYR48XT 1255 0.6403800 39.0239000 17000.00 287.30 292.70 64.00 0 0 0 0 2015/10/19 13:09:19.480
13:09:21.686 1
9405 2807980 4CA7AC RYR48XT 1255 0.6391000 39.0243200 17000.00 287.30 292.70 64.00 0 0 0 0 2015/10/19 13:09:20.496
13:09:22.691 1
9405 2807980 4CA7AC RYR48XT 1255 0.6391000 39.0243200 17000.00 287.30 292.70 64.00 0 0 0 0 2015/10/19 13:09:20.496
13:09:23.691 1
9405 2807980 4CA7AC RYR48XT 1255 0.6391000 39.0243200 17000.00 287.30 292.70 64.00 0 0 0 0 2015/10/19 13:09:20.496
13:09:24.694 1
9405 2807980 4CA7AC RYR48XT 1255 0.6391000 39.0243200 17000.00 287.30 292.70 64.00 0 0 0 0 2015/10/19 13:09:20.496
13:09:25.700 1
9405 2807980 4CA7AC RYR48XT 1255 0.6322000 39.0267400 17000.00 289.20 294.10 0.00 0 0 0 0 2015/10/19 13:09:24.558
13:09:26.705 1
9405 2807980 4CA7AC RYR48XT 1255 0.6306400 39.0272800 17000.00 289.20 294.10 -64.00 0 0 0 0 2015/10/19 13:09:25.574
13:09:27.706 1
9405 2807980 4CA7AC RYR48XT 1255 0.6306400 39.0272800 17000.00 289.20 294.10 -64.00 0 0 0 0 2015/10/19 13:09:25.574
13:09:28.715 1
9405 2807980 4CA7AC RYR48XT 1255 0.6306400 39.0272800 17000.00 289.20 294.10 -64.00 0 0 0 0 2015/10/19 13:09:25.574
13:09:29.712 1
9405 2807980 4CA7AC RYR48XT 1255 0.6262800 39.0287900 17000.00 289.20 294.10 -64.00 0 0 0 0 2015/10/19 13:09:28.621
13:09:30.717 1
9405 2807980 4CA7AC RYR48XT 1255 0.6253100 39.0291600 17000.00 288.30 294.20 0.00 0 0 0 0 2015/10/19 13:09:29.152
13:09:31.722 1
9405 2807980 4CA7AC RYR48XT 1255 0.6228000 39.0300000 17000.00 288.30 294.20 0.00 0 0 0 0 2015/10/19 13:09:30.855
13:09:32.722 1
9405 2807980 4CA7AC RYR48XT 1255 0.6218600 39.0303500 16975.00 288.30 294.20 -64.00 0 0 0 0 2015/10/19 13:09:31.262
13:09:33.728 1
9405 2807980 4CA7AC RYR48XT 1255 0.6194100 39.0312200 16975.00 288.30 294.20 0.00 0 0 0 0 2015/10/19 13:09:32.887
13:09:34.730 1
9405 2807980 4CA7AC RYR48XT 1255 0.6178600 39.0317700 16975.00 287.90 294.00 0.00 0 0 0 0 2015/10/19 13:09:33.902
13:09:35.735 1
9405 2807980 4CA7AC RYR48XT 1255 0.6178600 39.0317700 16975.00 287.90 294.00 0.00 0 0 0 0 2015/10/19 13:09:33.902
13:09:36.740 1
9405 2807980 4CA7AC RYR48XT 1255 0.6178600 39.0317700 16975.00 287.90 294.00 0.00 0 0 0 0 2015/10/19 13:09:33.902
13:09:37.744 1
9405 2807980 4CA7AC RYR48XT 1255 0.6178600 39.0317700 16975.00 287.90 294.00 0.00 0 0 0 0 2015/10/19 13:09:33.902
13:09:38.747 1
9405 2807980 4CA7AC RYR48XT 1255 0.6178600 39.0317700 16975.00 287.90 294.00 0.00 0 0 0 0 2015/10/19 13:09:33.902
13:09:39.766 1
9405 2807980 4CA7AC RYR48XT 1255 0.6178600 39.0317700 16975.00 287.90 294.00 0.00 0 0 0 0 2015/10/19 13:09:33.902
13:09:40.753 1
9405 2807980 4CA7AC RYR48XT 1255 0.6081900 39.0351100 17000.00 286.50 293.90 64.00 0 0 0 0 2015/10/19 13:09:39.996
13:09:41.756 1
9405 2807980 4CA7AC RYR48XT 1255 0.6073000 39.0354500 17000.00 286.10 293.70 64.00 0 0 0 0 2015/10/19 13:09:40.606
13:09:42.760 1
9405 2807980 4CA7AC RYR48XT 1255 0.6057400 39.0359800 17000.00 285.30 293.30 64.00 0 0 0 0 2015/10/19 13:09:41.621
13:09:43.761 1
9405 2807980 4CA7AC RYR48XT 1255 0.6057400 39.0359800 17000.00 285.30 293.30 64.00 0 0 0 0 2015/10/19 13:09:41.621
13:09:44.765 1
9405 2807980 4CA7AC RYR48XT 1255 0.6057400 39.0359800 17000.00 285.30 293.30 64.00 0 0 0 0 2015/10/19 13:09:41.621
13:09:45.769 1
9405 2807980 4CA7AC RYR48XT 1255 0.6057400 39.0359800 17000.00 285.30 293.30 64.00 0 0 0 0 2015/10/19 13:09:41.621
13:09:46.806 1
9405 2807980 4CA7AC RYR48XT 1255 0.6057400 39.0359800 17000.00 285.30 293.30 64.00 0 0 0 0 2015/10/19 13:09:41.621
13:09:47.772 1
9405 2807980 4CA7AC RYR48XT 1255 0.5978400 39.0382900 17000.00 281.60 286.50 64.00 0 0 0 0 2015/10/19 13:09:46.700
13:09:48.780 1
9405 2807980 4CA7AC RYR48XT 1255 0.5961900 39.0386400 17000.00 281.60 286.50 64.00 0 0 0 0 2015/10/19 13:09:47.715
13:09:49.778 1
9405 2807980 4CA7AC RYR48XT 1255 0.5946000 39.0389900 17000.00 281.30 284.00 64.00 0 0 0 0 2015/10/19 13:09:48.731
13:09:50.779 1
9405 2807980 4CA7AC RYR48XT 1255 0.5936200 39.0391800 17000.00 280.90 280.70 0.00 0 0 0 0 2015/10/19 13:09:49.278
13:09:51.784 1
9405 2807980 4CA7AC RYR48XT 1255 0.5936200 39.0391800 17000.00 280.90 280.70 0.00 0 0 0 0 2015/10/19 13:09:49.278
13:09:52.785 1
9405 2807980 4CA7AC RYR48XT 1255 0.5936200 39.0391800 17000.00 280.90 280.70 0.00 0 0 0 0 2015/10/19 13:09:49.278
13:09:53.788 1
9405 2807980 4CA7AC RYR48XT 1255 0.5880100 39.0399200 17000.00 282.20 277.10 0.00 0 0 0 0 2015/10/19 13:09:52.794
13:09:54.793 1
9405 2807980 4CA7AC RYR48XT 1255 0.5863400 39.0400500 17000.00 280.60 273.70 0.00 0 0 0 0 2015/10/19 13:09:53.606
13:09:55.795 1
9405 2807980 4CA7AC RYR48XT 1255 0.5846600 39.0401500 17000.00 281.60 273.70 -64.00 0 0 0 0 2015/10/19 13:09:54.825
13:09:56.795 1
9405 2807980 4CA7AC RYR48XT 1255 0.5827000 39.0402400 17000.00 281.00 270.40 -192.00 0 0 0 0 2015/10/19 13:09:55.841
13:09:57.799 1
9405 2807980 4CA7AC RYR48XT 1255 0.5827000 39.0402400 17000.00 281.00 270.40 -192.00 0 0 0 0 2015/10/19 13:09:55.841
13:09:58.800 1
9405 2807980 4CA7AC RYR48XT 1255 0.5800200 39.0402400 16975.00 281.00 270.40 -320.00 0 0 0 0 2015/10/19 13:09:57.466
13:09:59.835 1
9405 2807980 4CA7AC RYR48XT 1255 0.5783300 39.0402400 16975.00 280.00 269.80 -512.00 0 0 0 0 2015/10/19 13:09:58.481
13:10:00.807 1
9405 2807980 4CA7AC RYR48XT 1255 0.5783300 39.0402400 16975.00 280.00 269.80 -512.00 0 0 0 0 2015/10/19 13:09:58.481
13:10:01.827 1
9405 2807980 4CA7AC RYR48XT 1255 0.5743300 39.0400100 16950.00 280.50 266.70 -640.00 0 0 0 0 2015/10/19 13:10:00.919
13:10:02.811 1
9405 2807980 4CA7AC RYR48XT 1255 0.5726900 39.0398700 16925.00 279.70 265.90 -896.00 0 0 0 0 2015/10/19 13:10:01.934
13:10:03.815 1
9405 2807980 4CA7AC RYR48XT 1255 0.5713500 39.0397300 16925.00 280.80 263.50 -1024.00 0 0 0 0 2015/10/19 13:10:02.747
13:10:04.818 1
9405 2807980 4CA7AC RYR48XT 1255 0.5697400 39.0396000 16900.00 280.80 263.50 -1024.00 0 0 0 0 2015/10/19 13:10:03.763
13:10:05.821 1
9405 2807980 4CA7AC RYR48XT 1255 0.5697400 39.0396000 16900.00 280.80 263.50 -1024.00 0 0 0 0 2015/10/19 13:10:03.763
13:10:06.824 1
9405 2807980 4CA7AC RYR48XT 1255 0.5697400 39.0396000 16900.00 280.80 263.50 -1024.00 0 0 0 0 2015/10/19 13:10:03.763
13:10:07.827 1
9405 2807980 4CA7AC RYR48XT 1255 0.5697400 39.0396000 16900.00 280.80 263.50 -1024.00 0 0 0 0 2015/10/19 13:10:03.763
13:10:08.830 1
9405 2807980 4CA7AC RYR48XT 1255 0.5631100 39.0388200 16800.00 280.10 263.00 -1728.00 0 0 0 0 2015/10/19 13:10:07.622
13:10:09.831 1
9405 2807980 4CA7AC RYR48XT 1255 0.5614600 39.0386100 16750.00 279.30 262.60 -1920.00 0 0 0 0 2015/10/19 13:10:08.638
13:10:10.835 1
9405 2807980 4CA7AC RYR48XT 1255 0.5614600 39.0386100 16750.00 279.30 262.60 -1920.00 0 0 0 0 2015/10/19 13:10:08.638
13:10:11.836 1
9405 2807980 4CA7AC RYR48XT 1255 0.5585100 39.0382200 16675.00 280.60 262.20 -2176.00 0 0 0 0 2015/10/19 13:10:10.669
13:10:12.872 1
9405 2807980 4CA7AC RYR48XT 1255 0.5585100 39.0382200 16675.00 280.60 262.20 -2176.00 0 0 0 0 2015/10/19 13:10:10.669
13:10:13.872 1
9405 2807980 4CA7AC RYR48XT 1255 0.5585100 39.0382200 16675.00 280.60 262.20 -2176.00 0 0 0 0 2015/10/19 13:10:10.669
13:10:14.844 1
9405 2807980 4CA7AC RYR48XT 1255 0.5585100 39.0382200 16675.00 280.60 262.20 -2176.00 0 0 0 0 2015/10/19 13:10:10.669
13:10:15.849 1
9405 2807980 4CA7AC RYR48XT 1255 0.5585100 39.0382200 16675.00 280.60 262.20 -2176.00 0 0 0 0 2015/10/19 13:10:10.669
13:10:16.848 1
9405 2807980 4CA7AC RYR48XT 1255 0.5585100 39.0382200 16675.00 280.60 262.20 -2176.00 0 0 0 0 2015/10/19 13:10:10.669
13:10:17.853 1
9405 2807980 4CA7AC RYR48XT 1255 0.5479400 39.0368000 16475.00 283.10 260.20 -1728.00 0 0 0 0 2015/10/19 13:10:16.763
13:10:18.857 1
9405 2807980 4CA7AC RYR48XT 1255 0.5479400 39.0368000 16475.00 283.10 260.20 -1728.00 0 0 0 0 2015/10/19 13:10:16.763
13:10:19.861 1
9405 2807980 4CA7AC RYR48XT 1255 0.5446000 39.0363500 16450.00 283.30 260.00 -1280.00 0 0 0 0 2015/10/19 13:10:18.997
13:10:20.863 1
9405 2807980 4CA7AC RYR48XT 1255 0.5429700 39.0361500 16425.00 283.30 260.00 -896.00 0 0 0 0 2015/10/19 13:10:19.810
13:10:21.863 1
9405 2807980 4CA7AC RYR48XT 1255 0.5429700 39.0361500 16425.00 283.30 260.00 -896.00 0 0 0 0 2015/10/19 13:10:19.810
13:10:22.890 1
9405 2807980 4CA7AC RYR48XT 1255 0.5429700 39.0361500 16425.00 283.30 260.00 -896.00 0 0 0 0 2015/10/19 13:10:19.810
13:10:23.872 1
9405 2807980 4CA7AC RYR48XT 1255 0.5380300 39.0354800 16400.00 281.30 260.00 -640.00 0 0 0 0 2015/10/19 13:10:22.857
13:10:24.879 1
9405 2807980 4CA7AC RYR48XT 1255 0.5380300 39.0354800 16400.00 281.30 260.00 -640.00 0 0 0 0 2015/10/19 13:10:22.857
13:10:25.892 1
9405 2807980 4CA7AC RYR48XT 1255 0.5380300 39.0354800 16400.00 281.30 260.00 -640.00 0 0 0 0 2015/10/19 13:10:22.857
13:10:26.881 1
9405 2807980 4CA7AC RYR48XT 1255 0.5337500 39.0348900 16375.00 280.30 259.90 -704.00 0 0 0 0 2015/10/19 13:10:25.498
13:10:27.885 1
9405 2807980 4CA7AC RYR48XT 1255 0.5321200 39.0346500 16350.00 279.30 259.90 -832.00 0 0 0 0 2015/10/19 13:10:26.513
13:10:28.887 1
9405 2807980 4CA7AC RYR48XT 1255 0.5298500 39.0343300 16325.00 279.30 259.90 -832.00 0 0 0 0 2015/10/19 13:10:27.935
13:10:29.888 1
9405 2807980 4CA7AC RYR48XT 1255 0.5298500 39.0343300 16325.00 279.30 259.90 -832.00 0 0 0 0 2015/10/19 13:10:27.935
13:10:30.893 1
9405 2807980 4CA7AC RYR48XT 1255 0.5269300 39.0339200 16275.00 278.20 260.10 -1344.00 0 0 0 0 2015/10/19 13:10:29.763
13:10:31.898 1
9405 2807980 4CA7AC RYR48XT 1255 0.5269300 39.0339200 16275.00 278.20 260.10 -1344.00 0 0 0 0 2015/10/19 13:10:29.763
13:10:32.905 1
9405 2807980 4CA7AC RYR48XT 1255 0.5269300 39.0339200 16275.00 278.20 260.10 -1344.00 0 0 0 0 2015/10/19 13:10:29.763
13:10:33.904 1
9405 2807980 4CA7AC RYR48XT 1255 0.5269300 39.0339200 16275.00 278.20 260.10 -1344.00 0 0 0 0 2015/10/19 13:10:29.763
13:10:34.909 1
9405 2807980 4CA7AC RYR48XT 1255 0.5269300 39.0339200 16275.00 278.20 260.10 -1344.00 0 0 0 0 2015/10/19 13:10:29.763
13:10:35.930 1
9405 2807980 4CA7AC RYR48XT 1255 0.5269300 39.0339200 16275.00 278.20 260.10 -1344.00 0 0 0 0 2015/10/19 13:10:29.763
13:10:36.918 1
9405 2807980 4CA7AC RYR48XT 1255 0.5269300 39.0339200 16275.00 278.20 260.10 -1344.00 0 0 0 0 2015/10/19 13:10:29.763
13:10:37.939 1
9405 2807980 4CA7AC RYR48XT 1255 0.5269300 39.0339200 16275.00 278.20 260.10 -1344.00 0 0 0 0 2015/10/19 13:10:29.763
13:10:38.925 1
9405 2807980 4CA7AC RYR48XT 1255 0.5269300 39.0339200 16275.00 278.20 260.10 -1344.00 0 0 0 0 2015/10/19 13:10:29.763
13:10:39.928 1
9405 2807980 4CA7AC RYR48XT 1255 0.5122700 39.0319600 16075.00 278.20 260.10 -1344.00 0 0 0 0 2015/10/19 13:10:38.701
13:10:40.930 1
9405 2807980 4CA7AC RYR48XT 1255 0.5122700 39.0319600 16075.00 278.20 260.10 -1344.00 0 0 0 0 2015/10/19 13:10:38.701
13:10:41.935 1
9405 2807980 4CA7AC RYR48XT 1255 0.5122700 39.0319600 16075.00 278.20 260.10 -1344.00 0 0 0 0 2015/10/19 13:10:38.701
13:10:42.938 1
9405 2807980 4CA7AC RYR48XT 1255 0.5074000 39.0312700 16000.00 277.20 260.00 -1216.00 0 0 0 0 2015/10/19 13:10:41.545
13:10:43.939 1
9405 2807980 4CA7AC RYR48XT 1255 0.5058000 39.0310700 16000.00 277.20 260.00 -1216.00 0 0 0 0 2015/10/19 13:10:42.560
13:10:44.940 1
9405 2807980 4CA7AC RYR48XT 1255 0.5035200 39.0307600 15950.00 277.20 260.00 -1216.00 0 0 0 0 2015/10/19 13:10:43.982
13:10:45.944 1
9405 2807980 4CA7AC RYR48XT 1255 0.5025600 39.0306100 15950.00 276.20 260.00 -1216.00 0 0 0 0 2015/10/19 13:10:44.592
13:10:46.947 1
9405 2807980 4CA7AC RYR48XT 1255 0.5025600 39.0306100 15950.00 276.20 260.00 -1216.00 0 0 0 0 2015/10/19 13:10:44.592
13:10:47.952 1
9405 2807980 4CA7AC RYR48XT 1255 0.4996400 39.0302100 15900.00 276.20 260.00 -1216.00 0 0 0 0 2015/10/19 13:10:46.623
13:10:48.954 1
9405 2807980 4CA7AC RYR48XT 1255 0.4987200 39.0300900 15900.00 276.20 260.00 -1216.00 0 0 0 0 2015/10/19 13:10:47.154
13:10:49.956 1
9405 2807980 4CA7AC RYR48XT 1255 0.4964100 39.0297500 15875.00 276.20 260.00 -1216.00 0 0 0 0 2015/10/19 13:10:48.451
13:10:50.959 1
9405 2807980 4CA7AC RYR48XT 1255 0.4964100 39.0297500 15875.00 276.20 260.00 -1216.00 0 0 0 0 2015/10/19 13:10:48.451
13:10:51.962 1
9405 2807980 4CA7AC RYR48XT 1255 0.4964100 39.0297500 15875.00 276.20 260.00 -1216.00 0 0 0 0 2015/10/19 13:10:48.451
13:10:52.963 1
9405 2807980 4CA7AC RYR48XT 1255 0.4909700 39.0289800 15800.00 275.40 259.80 -1216.00 0 0 0 0 2015/10/19 13:10:51.904
13:10:53.967 1
9405 2807980 4CA7AC RYR48XT 1255 0.4893700 39.0287900 15775.00 275.40 259.80 -1216.00 0 0 0 0 2015/10/19 13:10:52.920
13:10:54.969 1
9405 2807980 4CA7AC RYR48XT 1255 0.4884000 39.0286500 15775.00 275.40 259.80 -1216.00 0 0 0 0 2015/10/19 13:10:53.529
13:10:55.972 1
9405 2807980 4CA7AC RYR48XT 1255 0.4861500 39.0283400 15750.00 275.40 259.80 -1280.00 0 0 0 0 2015/10/19 13:10:54.951
13:10:56.975 1
9405 2807980 4CA7AC RYR48XT 1255 0.4851700 39.0281900 15725.00 275.40 259.80 -1280.00 0 0 0 0 2015/10/19 13:10:55.561
13:10:57.978 1
9405 2807980 4CA7AC RYR48XT 1255 0.4851700 39.0281900 15725.00 275.40 259.80 -1280.00 0 0 0 0 2015/10/19 13:10:55.561
13:10:58.982 1
9405 2807980 4CA7AC RYR48XT 1255 0.4816100 39.0276900 15675.00 275.40 259.80 -1408.00 0 0 0 0 2015/10/19 13:10:57.592
13:10:59.983 1
9405 2807980 4CA7AC RYR48XT 1255 0.4800400 39.0274900 15650.00 275.20 260.00 -1472.00 0 0 0 0 2015/10/19 13:10:58.811
13:11:00.985 1
9405 2807980 4CA7AC RYR48XT 1255 0.4780900 39.0272100 15625.00 274.20 259.90 -1536.00 0 0 0 0 2015/10/19 13:10:59.827
13:11:01.989 1
9405 2807980 4CA7AC RYR48XT 1255 0.4780900 39.0272100 15625.00 274.20 259.90 -1536.00 0 0 0 0 2015/10/19 13:10:59.827
13:11:02.992 1
9405 2807980 4CA7AC RYR48XT 1255 0.4780900 39.0272100 15625.00 274.40 259.70 -1600.00 0 0 0 0 2015/10/19 13:10:59.827
13:11:04.027 1
9405 2807980 4CA7AC RYR48XT 1255 0.4780900 39.0272100 15625.00 274.40 259.70 -1600.00 0 0 0 0 2015/10/19 13:10:59.827
13:11:05.141 1
9405 2807980 4CA7AC RYR48XT 1255 0.4723500 39.0264200 15525.00 274.20 259.90 -1536.00 0 0 0 0 2015/10/19 13:11:03.686
13:11:06.000 1
9405 2807980 4CA7AC RYR48XT 1255 0.4723500 39.0264200 15525.00 274.20 259.90 -1536.00 0 0 0 0 2015/10/19 13:11:03.686
13:11:07.001 1
9405 2807980 4CA7AC RYR48XT 1255 0.4691200 39.0259500 15475.00 274.20 259.90 -1472.00 0 0 0 0 2015/10/19 13:11:05.514
13:11:08.007 1
9405 2807980 4CA7AC RYR48XT 1255 0.4691200 39.0259500 15475.00 274.20 259.90 -1472.00 0 0 0 0 2015/10/19 13:11:05.514
13:11:09.010 1
9405 2807980 4CA7AC RYR48XT 1255 0.4691200 39.0259500 15475.00 274.20 259.90 -1472.00 0 0 0 0 2015/10/19 13:11:05.514
13:11:10.015 1
9405 2807980 4CA7AC RYR48XT 1255 0.4691200 39.0259500 15475.00 274.20 259.90 -1472.00 0 0 0 0 2015/10/19 13:11:05.514
13:11:11.017 1
9405 2807980 4CA7AC RYR48XT 1255 0.4691200 39.0259500 15475.00 274.20 259.90 -1280.00 0 0 0 0 2015/10/19 13:11:05.514
13:11:12.026 1
9405 2807980 4CA7AC RYR48XT 1255 0.4691200 39.0259500 15475.00 274.20 259.90 -1280.00 0 0 0 0 2015/10/19 13:11:05.514
13:11:13.060 1
9405 2807980 4CA7AC RYR48XT 1255 0.4691200 39.0259500 15475.00 274.20 259.90 -1280.00 0 0 0 0 2015/10/19 13:11:05.514
13:11:14.031 1
9405 2807980 4CA7AC RYR48XT 1255 0.4575800 39.0243200 15350.00 273.20 259.90 -1152.00 0 0 0 0 2015/10/19 13:11:12.624
13:11:15.037 1
9405 2807980 4CA7AC RYR48XT 1255 0.4559900 39.0241200 15325.00 273.20 259.90 -1152.00 0 0 0 0 2015/10/19 13:11:13.639
13:11:16.043 1
9405 2807980 4CA7AC RYR48XT 1255 0.4559900 39.0241200 15300.00 273.20 259.90 -1152.00 0 0 0 0 2015/10/19 13:11:13.639
13:11:17.066 1
9405 2807980 4CA7AC RYR48XT 1255 0.4559900 39.0241200 15300.00 273.20 259.90 -1152.00 0 0 0 0 2015/10/19 13:11:13.639
13:11:18.049 1
9405 2807980 4CA7AC RYR48XT 1255 0.4559900 39.0241200 15300.00 273.20 259.90 -1152.00 0 0 0 0 2015/10/19 13:11:13.639
13:11:19.054 1
9405 2807980 4CA7AC RYR48XT 1255 0.4493400 39.0231600 15250.00 272.30 259.80 -1216.00 0 0 0 0 2015/10/19 13:11:17.905
13:11:20.057 1
9405 2807980 4CA7AC RYR48XT 1255 0.4480600 39.0230200 15225.00 272.30 259.80 -1216.00 0 0 0 0 2015/10/19 13:11:18.718
13:11:21.059 1
9405 2807980 4CA7AC RYR48XT 1255 0.4480600 39.0230200 15225.00 272.30 259.80 -1216.00 0 0 0 0 2015/10/19 13:11:18.718
13:11:22.065 1
9405 2807980 4CA7AC RYR48XT 1255 0.4448900 39.0225500 15175.00 272.30 259.80 -1536.00 0 0 0 0 2015/10/19 13:11:20.749
13:11:23.063 1
9405 2807980 4CA7AC RYR48XT 1255 0.4432700 39.0223400 15150.00 272.30 259.80 -1600.00 0 0 0 0 2015/10/19 13:11:21.765
13:11:24.068 1
9405 2807980 4CA7AC RYR48XT 1255 0.4417100 39.0221300 15125.00 272.10 260.10 -1600.00 0 0 0 0 2015/10/19 13:11:22.780
13:11:25.071 1
9405 2807980 4CA7AC RYR48XT 1255 0.4401100 39.0218800 15100.00 272.10 260.10 -1600.00 0 0 0 0 2015/10/19 13:11:23.796
13:11:26.078 1
9405 2807980 4CA7AC RYR48XT 1255 0.4385400 39.0216700 15075.00 272.10 260.10 -1600.00 0 0 0 0 2015/10/19 13:11:24.608
13:11:27.079 1
9405 2807980 4CA7AC RYR48XT 1255 0.4369500 39.0214700 15050.00 272.10 260.10 -1600.00 0 0 0 0 2015/10/19 13:11:25.624
13:11:28.084 1
9405 2807980 4CA7AC RYR48XT 1255 0.4356300 39.0212900 15025.00 272.10 260.10 -1600.00 0 0 0 0 2015/10/19 13:11:26.640
13:11:29.086 1
9405 2807980 4CA7AC RYR48XT 1255 0.4340800 39.0210600 15000.00 272.10 260.10 -1472.00 0 0 0 0 2015/10/19 13:11:27.655
13:11:30.093 1
9405 2807980 4CA7AC RYR48XT 1255 0.4324700 39.0208700 14975.00 272.10 260.10 -1408.00 0 0 0 0 2015/10/19 13:11:28.671
13:11:31.109 1
9405 2807980 4CA7AC RYR48XT 1255 0.4302400 39.0205500 14950.00 272.10 260.10 -1408.00 0 0 0 0 2015/10/19 13:11:29.890
13:11:32.096 1
9405 2807980 4CA7AC RYR48XT 1255 0.4286500 39.0203200 14925.00 272.10 260.10 -1408.00 0 0 0 0 2015/10/19 13:11:30.905
13:11:33.099 1
9405 2807980 4CA7AC RYR48XT 1255 0.4270600 39.0201300 14900.00 272.10 260.10 -1344.00 0 0 0 0 2015/10/19 13:11:31.921
13:11:34.111 1
9405 2807980 4CA7AC RYR48XT 1255 0.4254800 39.0199100 14875.00 271.10 260.00 -1280.00 0 0 0 0 2015/10/19 13:11:32.937
13:11:35.110 1
9405 2807980 4CA7AC RYR48XT 1255 0.4254800 39.0199100 14875.00 271.10 260.00 -1280.00 0 0 0 0 2015/10/19 13:11:32.937
13:11:36.110 1
9405 2807980 4CA7AC RYR48XT 1255 0.4229700 39.0195500 14850.00 271.10 260.00 -1280.00 0 0 0 0 2015/10/19 13:11:34.562
13:11:37.117 1
9405 2807980 4CA7AC RYR48XT 1255 0.4204100 39.0191800 14825.00 271.10 260.00 -1216.00 0 0 0 0 2015/10/19 13:11:35.984
13:11:38.138 1
9405 2807980 4CA7AC RYR48XT 1255 0.4191500 39.0190400 14800.00 271.10 260.00 -1152.00 0 0 0 0 2015/10/19 13:11:36.999
13:11:39.266 1
9405 2807980 4CA7AC RYR48XT 1255 0.4175400 39.0188300 14775.00 271.10 260.00 -1152.00 0 0 0 0 2015/10/19 13:11:38.015
13:11:40.129 1
9405 2807980 4CA7AC RYR48XT 1255 0.4175400 39.0188300 14775.00 271.10 260.00 -1152.00 0 0 0 0 2015/10/19 13:11:38.015
13:11:41.128 1
9405 2807980 4CA7AC RYR48XT 1255 0.4175400 39.0188300 14775.00 271.10 260.00 -1152.00 0 0 0 0 2015/10/19 13:11:38.015
13:11:42.134 1
9405 2807980 4CA7AC RYR48XT 1255 0.4175400 39.0188300 14775.00 271.10 260.00 -1152.00 0 0 0 0 2015/10/19 13:11:38.015
13:11:43.136 1
9405 2807980 4CA7AC RYR48XT 1255 0.4175400 39.0188300 14775.00 271.10 260.00 -1152.00 0 0 0 0 2015/10/19 13:11:38.015
13:11:44.138 1
9405 2807980 4CA7AC RYR48XT 1255 0.4103200 39.0178100 14700.00 268.70 261.90 -1280.00 0 0 0 0 2015/10/19 13:11:42.484
13:11:45.141 1
9405 2807980 4CA7AC RYR48XT 1255 0.4086900 39.0176200 14675.00 268.70 261.90 -1344.00 0 0 0 0 2015/10/19 13:11:43.500
13:11:46.144 1
9405 2807980 4CA7AC RYR48XT 1255 0.4068600 39.0173400 14650.00 268.70 261.90 -1408.00 0 0 0 0 2015/10/19 13:11:44.718
13:11:47.148 1
9405 2807980 4CA7AC RYR48XT 1255 0.4049700 39.0171100 14625.00 268.70 261.90 -1472.00 0 0 0 0 2015/10/19 13:11:45.937
13:11:48.166 1
9405 2807980 4CA7AC RYR48XT 1255 0.4033900 39.0168900 14575.00 267.70 261.80 -1536.00 0 0 0 0 2015/10/19 13:11:46.953
13:11:49.152 1
9405 2807980 4CA7AC RYR48XT 1255 0.4014800 39.0166200 14550.00 267.70 261.80 -1600.00 0 0 0 0 2015/10/19 13:11:47.968
13:11:50.154 1
9405 2807980 4CA7AC RYR48XT 1255 0.3999000 39.0164100 14525.00 267.70 261.80 -1600.00 0 0 0 0 2015/10/19 13:11:48.984
13:11:51.185 1
9405 2807980 4CA7AC RYR48XT 1255 0.3983100 39.0162000 14500.00 267.70 261.80 -1664.00 0 0 0 0 2015/10/19 13:11:50.000
13:11:52.162 1
9405 2807980 4CA7AC RYR48XT 1255 0.3983100 39.0162000 14500.00 267.70 261.80 -1664.00 0 0 0 0 2015/10/19 13:11:50.000
13:11:53.164 1
9405 2807980 4CA7AC RYR48XT 1255 0.3983100 39.0162000 14500.00 267.70 261.80 -1664.00 0 0 0 0 2015/10/19 13:11:50.000
13:11:54.168 1
9405 2807980 4CA7AC RYR48XT 1255 0.3945500 39.0157000 14425.00 267.70 261.80 -1728.00 0 0 0 0 2015/10/19 13:11:52.437
13:11:55.188 1
9405 2807980 4CA7AC RYR48XT 1255 0.3923300 39.0153800 14400.00 267.70 261.80 -1728.00 0 0 0 0 2015/10/19 13:11:53.875
13:11:56.176 1
9405 2807980 4CA7AC RYR48XT 1255 0.3907900 39.0152000 14375.00 268.70 261.90 -1664.00 0 0 0 0 2015/10/19 13:11:54.890
13:11:57.185 1
9405 2807980 4CA7AC RYR48XT 1255 0.3907900 39.0152000 14375.00 268.70 261.90 -1664.00 0 0 0 0 2015/10/19 13:11:54.890
13:11:58.179 1
9405 2807980 4CA7AC RYR48XT 1255 0.3876300 39.0147900 14325.00 268.40 262.30 -1536.00 0 0 0 0 2015/10/19 13:11:56.922
13:11:59.182 1
9405 2807980 4CA7AC RYR48XT 1255 0.3860500 39.0145900 14300.00 268.30 262.50 -1472.00 0 0 0 0 2015/10/19 13:11:57.937
13:12:00.183 1
9405 2807980 4CA7AC RYR48XT 1255 0.3844600 39.0144200 14275.00 268.90 263.20 -1408.00 0 0 0 0 2015/10/19 13:11:58.953
13:12:01.186 1
9405 2807980 4CA7AC RYR48XT 1255 0.3828700 39.0142200 14250.00 268.90 263.20 -1408.00 0 0 0 0 2015/10/19 13:11:59.969
13:12:02.193 1
9405 2807980 4CA7AC RYR48XT 1255 0.3813000 39.0141000 14225.00 269.20 262.70 -1344.00 0 0 0 0 2015/10/19 13:12:00.984
13:12:03.196 1
9405 2807980 4CA7AC RYR48XT 1255 0.3793900 39.0139200 14200.00 268.90 265.30 -1344.00 0 0 0 0 2015/10/19 13:12:02.000
13:12:04.197 1
9405 2807980 4CA7AC RYR48XT 1255 0.3780700 39.0138200 14175.00 268.70 265.90 -1408.00 0 0 0 0 2015/10/19 13:12:02.813
13:12:05.202 1
9405 2807980 4CA7AC RYR48XT 1255 0.3780700 39.0138200 14175.00 268.70 265.90 -1408.00 0 0 0 0 2015/10/19 13:12:02.813
13:12:06.207 1
9405 2807980 4CA7AC RYR48XT 1255 0.3780700 39.0138200 14175.00 268.70 265.90 -1408.00 0 0 0 0 2015/10/19 13:12:02.813
13:12:07.208 1
9405 2807980 4CA7AC RYR48XT 1255 0.3732900 39.0135200 14125.00 269.80 265.50 -1408.00 0 0 0 0 2015/10/19 13:12:05.859
13:12:08.245 1
9405 2807980 4CA7AC RYR48XT 1255 0.3717400 39.0134600 14100.00 269.50 266.40 -1472.00 0 0 0 0 2015/10/19 13:12:06.875
13:12:09.216 1
9405 2807980 4CA7AC RYR48XT 1255 0.3701200 39.0133800 14075.00 269.40 266.80 -1536.00 0 0 0 0 2015/10/19 13:12:07.891
13:12:10.253 1
9405 2807980 4CA7AC RYR48XT 1255 0.3691800 39.0133700 14050.00 269.00 268.90 -1536.00 0 0 0 0 2015/10/19 13:12:08.500
13:12:11.227 1
9405 2807980 4CA7AC RYR48XT 1255 0.3691800 39.0133700 14050.00 269.00 268.90 -1536.00 0 0 0 0 2015/10/19 13:12:08.500
13:12:12.230 1
9405 2807980 4CA7AC RYR48XT 1255 0.3691800 39.0133700 14050.00 269.00 268.90 -1536.00 0 0 0 0 2015/10/19 13:12:08.500
13:12:13.230 1
9405 2807980 4CA7AC RYR48XT 1255 0.3691800 39.0133700 14050.00 269.00 268.90 -1536.00 0 0 0 0 2015/10/19 13:12:08.500
13:12:14.234 1
9405 2807980 4CA7AC RYR48XT 1255 0.3691800 39.0133700 14050.00 269.00 268.90 -1536.00 0 0 0 0 2015/10/19 13:12:08.500
13:12:15.238 1
9405 2807980 4CA7AC RYR48XT 1255 0.3608800 39.0132300 13925.00 270.00 270.00 -1344.00 0 0 0 0 2015/10/19 13:12:13.782
13:12:16.239 1
9405 2807980 4CA7AC RYR48XT 1255 0.3589100 39.0132300 13900.00 270.00 270.40 -1216.00 0 0 0 0 2015/10/19 13:12:15.000
13:12:17.244 1
9405 2807980 4CA7AC RYR48XT 1255 0.3589100 39.0132300 13900.00 270.00 270.40 -1216.00 0 0 0 0 2015/10/19 13:12:15.000
13:12:18.246 1
9405 2807980 4CA7AC RYR48XT 1255 0.3589100 39.0132300 13900.00 270.00 270.40 -1216.00 0 0 0 0 2015/10/19 13:12:15.000
13:12:19.252 1
9405 2807980 4CA7AC RYR48XT 1255 0.3589100 39.0132300 13900.00 270.00 270.40 -1216.00 0 0 0 0 2015/10/19 13:12:15.000
13:12:20.252 1
9405 2807980 4CA7AC RYR48XT 1255 0.3525200 39.0133200 13825.00 269.00 271.10 -1088.00 0 0 0 0 2015/10/19 13:12:18.860
13:12:21.258 1
9405 2807980 4CA7AC RYR48XT 1255 0.3525200 39.0133200 13825.00 269.00 271.10 -1088.00 0 0 0 0 2015/10/19 13:12:18.860
13:12:22.257 1
9405 2807980 4CA7AC RYR48XT 1255 0.3496700 39.0133800 13800.00 268.10 271.30 -1280.00 0 0 0 0 2015/10/19 13:12:20.688
13:12:23.265 1
9405 2807980 4CA7AC RYR48XT 1255 0.3481000 39.0134100 13775.00 268.10 271.30 -1408.00 0 0 0 0 2015/10/19 13:12:21.907
13:12:24.264 1
9405 2807980 4CA7AC RYR48XT 1255 0.3465000 39.0134300 13750.00 268.10 271.30 -1536.00 0 0 0 0 2015/10/19 13:12:22.719
13:12:25.265 1
9405 2807980 4CA7AC RYR48XT 1255 0.3465000 39.0134300 13750.00 268.10 271.30 -1536.00 0 0 0 0 2015/10/19 13:12:22.719
13:12:26.269 1
9405 2807980 4CA7AC RYR48XT 1255 0.3465000 39.0134300 13750.00 268.10 271.30 -1536.00 0 0 0 0 2015/10/19 13:12:22.719
13:12:27.274 1
9405 2807980 4CA7AC RYR48XT 1255 0.3465000 39.0134300 13750.00 268.10 271.30 -1536.00 0 0 0 0 2015/10/19 13:12:22.719
13:12:28.280 1
9405 2807980 4CA7AC RYR48XT 1255 0.3395400 39.0135200 13625.00 268.10 271.30 -1792.00 0 0 0 0 2015/10/19 13:12:26.985
13:12:29.334 1
9405 2807980 4CA7AC RYR48XT 1255 0.3395400 39.0135200 13625.00 268.10 271.30 -1792.00 0 0 0 0 2015/10/19 13:12:26.985
13:12:30.287 1
9405 2807980 4CA7AC RYR48XT 1255 0.3395400 39.0135200 13625.00 268.10 271.30 -1792.00 0 0 0 0 2015/10/19 13:12:26.985
13:12:31.296 1
9405 2807980 4CA7AC RYR48XT 1255 0.3395400 39.0135200 13625.00 268.10 271.30 -1792.00 0 0 0 0 2015/10/19 13:12:26.985
13:12:32.297 1
9405 2807980 4CA7AC RYR48XT 1255 0.3395400 39.0135200 13625.00 268.10 271.30 -1792.00 0 0 0 0 2015/10/19 13:12:26.985
13:12:33.302 1
9405 2807980 4CA7AC RYR48XT 1255 0.3318500 39.0136600 13500.00 268.00 270.00 -1664.00 0 0 0 0 2015/10/19 13:12:31.860
13:12:34.305 1
9405 2807980 4CA7AC RYR48XT 1255 0.3318500 39.0136600 13500.00 268.00 270.00 -1664.00 0 0 0 0 2015/10/19 13:12:31.860
13:12:35.315 1
9405 2807980 4CA7AC RYR48XT 1255 0.3286700 39.0137500 13450.00 268.00 270.00 -1216.00 0 0 0 0 2015/10/19 13:12:33.891
13:12:36.314 1
9405 2807980 4CA7AC RYR48XT 1255 0.3286700 39.0137500 13450.00 268.00 270.00 -1216.00 0 0 0 0 2015/10/19 13:12:33.891
13:12:37.317 1
9405 2807980 4CA7AC RYR48XT 1255 0.3258300 39.0138200 13425.00 268.00 270.00 -1152.00 0 0 0 0 2015/10/19 13:12:35.720
13:12:38.321 1
9405 2807980 4CA7AC RYR48XT 1255 0.3258300 39.0138200 13425.00 268.00 270.00 -1152.00 0 0 0 0 2015/10/19 13:12:35.720
13:12:39.358 1
9405 2807980 4CA7AC RYR48XT 1255 0.3258300 39.0138200 13425.00 268.00 270.00 -1152.00 0 0 0 0 2015/10/19 13:12:35.720
13:12:40.330 1
9405 2807980 4CA7AC RYR48XT 1255 0.3207500 39.0139200 13350.00 266.10 271.30 -1024.00 0 0 0 0 2015/10/19 13:12:38.970
13:12:41.352 1
9405 2807980 4CA7AC RYR48XT 1255 0.3192100 39.0139400 13350.00 266.10 271.30 -960.00 0 0 0 0 2015/10/19 13:12:39.782
13:12:42.342 1
9405 2807980 4CA7AC RYR48XT 1255 0.3175900 39.0139600 13325.00 266.10 271.30 -960.00 0 0 0 0 2015/10/19 13:12:40.798
13:12:43.342 1
9405 2807980 4CA7AC RYR48XT 1255 0.3175900 39.0139600 13325.00 266.10 271.30 -960.00 0 0 0 0 2015/10/19 13:12:40.798
13:12:44.344 1
9405 2807980 4CA7AC RYR48XT 1255 0.3147600 39.0139900 13300.00 266.00 271.10 -896.00 0 0 0 0 2015/10/19 13:12:42.626
13:12:45.347 1
9405 2807980 4CA7AC RYR48XT 1255 0.3141500 39.0139900 13300.00 266.00 271.10 -896.00 0 0 0 0 2015/10/19 13:12:43.157
13:12:46.346 1
9405 2807980 4CA7AC RYR48XT 1255 0.3141500 39.0139900 13300.00 266.00 271.10 -896.00 0 0 0 0 2015/10/19 13:12:43.157
13:12:47.350 1
9405 2807980 4CA7AC RYR48XT 1255 0.3097500 39.0140800 13275.00 266.00 271.10 -896.00 0 0 0 0 2015/10/19 13:12:45.876
13:12:48.352 1
9405 2807980 4CA7AC RYR48XT 1255 0.3087500 39.0141000 13250.00 266.00 271.10 -896.00 0 0 0 0 2015/10/19 13:12:46.486
13:12:49.359 1
9405 2807980 4CA7AC RYR48XT 1255 0.3087500 39.0141000 13250.00 266.00 271.10 -896.00 0 0 0 0 2015/10/19 13:12:46.486
13:12:50.363 1
9405 2807980 4CA7AC RYR48XT 1255 0.3053000 39.0141300 13225.00 266.00 271.10 -896.00 0 0 0 0 2015/10/19 13:12:48.720
13:12:51.367 1
9405 2807980 4CA7AC RYR48XT 1255 0.3053000 39.0141300 13225.00 266.00 271.10 -896.00 0 0 0 0 2015/10/19 13:12:48.720
13:12:52.374 1
9405 2807980 4CA7AC RYR48XT 1255 0.3053000 39.0141300 13225.00 266.00 271.10 -896.00 0 0 0 0 2015/10/19 13:12:48.720
13:12:53.376 1
9405 2807980 4CA7AC RYR48XT 1255 0.2993200 39.0142400 13175.00 267.10 271.30 -896.00 0 0 0 0 2015/10/19 13:12:52.579
13:12:54.377 1
9405 2807980 4CA7AC RYR48XT 1255 0.2993200 39.0142400 13175.00 267.10 271.30 -896.00 0 0 0 0 2015/10/19 13:12:52.579
13:12:55.380 1
9405 2807980 4CA7AC RYR48XT 1255 0.2974100 39.0142800 13150.00 267.10 271.30 -896.00 0 0 0 0 2015/10/19 13:12:53.798
13:12:56.385 1
9405 2807980 4CA7AC RYR48XT 1255 0.2945600 39.0143100 13125.00 267.10 271.30 -960.00 0 0 0 0 2015/10/19 13:12:55.423
13:12:57.388 1
9405 2807980 4CA7AC RYR48XT 1255 0.2945600 39.0143100 13125.00 267.10 271.30 -960.00 0 0 0 0 2015/10/19 13:12:55.423
13:12:58.388 1
9405 2807980 4CA7AC RYR48XT 1255 0.2945600 39.0143100 13125.00 267.10 271.30 -960.00 0 0 0 0 2015/10/19 13:12:55.423
13:12:59.388 1
9405 2807980 4CA7AC RYR48XT 1255 0.2945600 39.0143100 13125.00 267.10 271.30 -960.00 0 0 0 0 2015/10/19 13:12:55.423
13:13:00.392 1
9405 2807980 4CA7AC RYR48XT 1255 0.2876000 39.0144500 13050.00 266.10 271.30 -896.00 0 0 0 0 2015/10/19 13:12:59.892
13:13:01.394 1
9405 2807980 4CA7AC RYR48XT 1255 0.2866600 39.0144700 13050.00 266.10 271.30 -832.00 0 0 0 0 2015/10/19 13:13:00.501
13:13:02.397 1
9405 2807980 4CA7AC RYR48XT 1255 0.2866600 39.0144700 13050.00 266.10 271.30 -832.00 0 0 0 0 2015/10/19 13:13:00.501
13:13:03.400 1
9405 2807980 4CA7AC RYR48XT 1255 0.2866600 39.0144700 13050.00 266.10 271.30 -832.00 0 0 0 0 2015/10/19 13:13:00.501
13:13:04.417 1
9405 2807980 4CA7AC RYR48XT 1255 0.2866600 39.0144700 13050.00 266.10 271.30 -832.00 0 0 0 0 2015/10/19 13:13:00.501
13:13:05.409 1
9405 2807980 4CA7AC RYR48XT 1255 0.2800300 39.0145900 12975.00 266.00 271.10 -896.00 0 0 0 0 2015/10/19 13:13:04.564
13:13:06.409 1
9405 2807980 4CA7AC RYR48XT 1255 0.2784200 39.0146000 12975.00 266.00 271.10 -832.00 0 0 0 0 2015/10/19 13:13:05.580
13:13:07.410 1
9405 2807980 4CA7AC RYR48XT 1255 0.2784200 39.0146000 12975.00 266.00 271.10 -832.00 0 0 0 0 2015/10/19 13:13:05.580
13:13:08.412 1
9405 2807980 4CA7AC RYR48XT 1255 0.2749600 39.0146400 12950.00 266.00 270.90 -832.00 0 0 0 0 2015/10/19 13:13:07.814
13:13:09.421 1
9405 2807980 4CA7AC RYR48XT 1255 0.2743500 39.0146400 12925.00 266.00 270.90 -832.00 0 0 0 0 2015/10/19 13:13:08.220
13:13:10.421 1
9405 2807980 4CA7AC RYR48XT 1255 0.2717900 39.0146900 12900.00 267.00 270.90 -896.00 0 0 0 0 2015/10/19 13:13:09.845
13:13:11.420 1
9405 2807980 4CA7AC RYR48XT 1255 0.2702400 39.0146900 12900.00 267.00 270.90 -896.00 0 0 0 0 2015/10/19 13:13:10.861
13:13:12.426 1
9405 2807980 4CA7AC RYR48XT 1255 0.2686200 39.0147300 12875.00 267.00 270.90 -896.00 0 0 0 0 2015/10/19 13:13:11.877
13:13:13.429 1
9405 2807980 4CA7AC RYR48XT 1255 0.2670800 39.0147400 12875.00 267.00 271.10 -896.00 0 0 0 0 2015/10/19 13:13:12.892
13:13:14.435 1
9405 2807980 4CA7AC RYR48XT 1255 0.2654400 39.0147800 12850.00 267.00 271.10 -960.00 0 0 0 0 2015/10/19 13:13:13.908
13:13:15.439 1
9405 2807980 4CA7AC RYR48XT 1255 0.2645100 39.0147900 12850.00 267.00 271.10 -896.00 0 0 0 0 2015/10/19 13:13:14.517
13:13:16.440 1
9405 2807980 4CA7AC RYR48XT 1255 0.2629400 39.0148300 12825.00 268.00 271.10 -896.00 0 0 0 0 2015/10/19 13:13:15.533
13:13:17.441 1
9405 2807980 4CA7AC RYR48XT 1255 0.2610500 39.0148300 12800.00 268.00 271.10 -896.00 0 0 0 0 2015/10/19 13:13:16.549
13:13:18.447 1
9405 2807980 4CA7AC RYR48XT 1255 0.2597700 39.0148300 12800.00 268.00 271.10 -896.00 0 0 0 0 2015/10/19 13:13:17.564
13:13:19.453 1
9405 2807980 4CA7AC RYR48XT 1255 0.2575200 39.0148800 12775.00 268.00 271.10 -896.00 0 0 0 0 2015/10/19 13:13:18.986
13:13:20.453 1
9405 2807980 4CA7AC RYR48XT 1255 0.2575200 39.0148800 12775.00 268.00 271.10 -896.00 0 0 0 0 2015/10/19 13:13:18.986
13:13:21.456 1
9405 2807980 4CA7AC RYR48XT 1255 0.2540300 39.0149200 12750.00 268.00 271.10 -960.00 0 0 0 0 2015/10/19 13:13:21.018
13:13:22.456 1
9405 2807980 4CA7AC RYR48XT 1255 0.2540300 39.0149200 12750.00 268.00 271.10 -960.00 0 0 0 0 2015/10/19 13:13:21.018
13:13:23.460 1
9405 2807980 4CA7AC RYR48XT 1255 0.2517900 39.0149700 12725.00 268.00 270.90 -960.00 0 0 0 0 2015/10/19 13:13:22.643
13:13:24.461 1
9405 2807980 4CA7AC RYR48XT 1255 0.2498800 39.0149700 12700.00 268.00 270.90 -896.00 0 0 0 0 2015/10/19 13:13:23.658
13:13:25.468 1
9405 2807980 4CA7AC RYR48XT 1255 0.2498800 39.0149700 12700.00 268.00 270.90 -896.00 0 0 0 0 2015/10/19 13:13:23.658
13:13:26.468 1
9405 2807980 4CA7AC RYR48XT 1255 0.2467100 39.0150100 12675.00 268.00 270.90 -896.00 0 0 0 0 2015/10/19 13:13:25.690
13:13:27.470 1
9405 2807980 4CA7AC RYR48XT 1255 0.2451200 39.0150100 12650.00 268.00 270.90 -896.00 0 0 0 0 2015/10/19 13:13:26.705
13:13:28.474 1
9405 2807980 4CA7AC RYR48XT 1255 0.2435500 39.0150600 12650.00 268.00 270.90 -960.00 0 0 0 0 2015/10/19 13:13:27.721
13:13:29.478 1
9405 2807980 4CA7AC RYR48XT 1255 0.2419400 39.0150600 12625.00 268.00 270.90 -960.00 0 0 0 0 2015/10/19 13:13:28.737
13:13:30.485 1
9405 2807980 4CA7AC RYR48XT 1255 0.2419400 39.0150600 12625.00 268.00 270.90 -960.00 0 0 0 0 2015/10/19 13:13:28.737
13:13:31.493 1
9405 2807980 4CA7AC RYR48XT 1255 0.2387700 39.0151000 12600.00 269.00 270.90 -960.00 0 0 0 0 2015/10/19 13:13:30.768
13:13:32.494 1
9405 2807980 4CA7AC RYR48XT 1255 0.2371600 39.0151500 12575.00 269.00 270.90 -960.00 0 0 0 0 2015/10/19 13:13:31.580
13:13:33.546 1
9405 2807980 4CA7AC RYR48XT 1255 0.2356000 39.0151500 12550.00 269.00 271.10 -960.00 0 0 0 0 2015/10/19 13:13:32.596
13:13:34.501 1
9405 2807980 4CA7AC RYR48XT 1255 0.2333400 39.0152000 12550.00 269.00 271.10 -960.00 0 0 0 0 2015/10/19 13:13:34.018
13:13:35.506 1
9405 2807980 4CA7AC RYR48XT 1255 0.2323600 39.0152000 12525.00 269.00 271.10 -960.00 0 0 0 0 2015/10/19 13:13:34.627
13:13:36.509 1
9405 2807980 4CA7AC RYR48XT 1255 0.2307700 39.0152000 12500.00 269.00 271.10 -960.00 0 0 0 0 2015/10/19 13:13:35.643
13:13:37.510 1
9405 2807980 4CA7AC RYR48XT 1255 0.2291900 39.0152400 12500.00 269.00 271.10 -960.00 0 0 0 0 2015/10/19 13:13:36.659
13:13:38.513 1
9405 2807980 4CA7AC RYR48XT 1255 0.2279100 39.0152400 12475.00 269.00 271.10 -960.00 0 0 0 0 2015/10/19 13:13:37.471
13:13:39.564 1
9405 2807980 4CA7AC RYR48XT 1255 0.2260100 39.0152900 12450.00 269.00 271.10 -1024.00 0 0 0 0 2015/10/19 13:13:38.690
13:13:40.518 1
9405 2807980 4CA7AC RYR48XT 1255 0.2243800 39.0152900 12450.00 269.00 271.10 -1024.00 0 0 0 0 2015/10/19 13:13:39.706
13:13:41.520 1
9405 2807980 4CA7AC RYR48XT 1255 0.2243800 39.0152900 12450.00 269.00 271.10 -1024.00 0 0 0 0 2015/10/19 13:13:39.706
13:13:42.523 1
9405 2807980 4CA7AC RYR48XT 1255 0.2212200 39.0153800 12400.00 270.10 271.30 -1088.00 0 0 0 0 2015/10/19 13:13:41.737
13:13:43.558 1
9405 2807980 4CA7AC RYR48XT 1255 0.2212200 39.0153800 12400.00 270.10 271.30 -1088.00 0 0 0 0 2015/10/19 13:13:41.737
13:13:44.527 1
9405 2807980 4CA7AC RYR48XT 1255 0.2180000 39.0154300 12375.00 270.10 271.30 -1152.00 0 0 0 0 2015/10/19 13:13:43.768
13:13:45.540 1
9405 2807980 4CA7AC RYR48XT 1255 0.2180000 39.0154300 12375.00 270.10 271.30 -1152.00 0 0 0 0 2015/10/19 13:13:43.768
13:13:46.533 1
9405 2807980 4CA7AC RYR48XT 1255 0.2141700 39.0155200 12325.00 270.00 270.00 -1408.00 0 0 0 0 2015/10/19 13:13:46.003
13:13:47.535 1
9405 2807980 4CA7AC RYR48XT 1255 0.2128600 39.0155600 12300.00 270.00 270.60 -1536.00 0 0 0 0 2015/10/19 13:13:47.018
13:13:48.539 1
9405 2807980 4CA7AC RYR48XT 1255 0.2112400 39.0156200 12275.00 270.00 270.60 -1536.00 0 0 0 0 2015/10/19 13:13:47.831
13:13:49.541 1
9405 2807980 4CA7AC RYR48XT 1255 0.2097000 39.0157000 12225.00 270.70 274.00 -1856.00 0 0 0 0 2015/10/19 13:13:48.846
13:13:50.545 1
9405 2807980 4CA7AC RYR48XT 1255 0.2097000 39.0157000 12225.00 270.70 274.00 -1856.00 0 0 0 0 2015/10/19 13:13:48.846
13:13:51.548 1
9405 2807980 4CA7AC RYR48XT 1255 0.2097000 39.0157000 12225.00 270.70 274.00 -1856.00 0 0 0 0 2015/10/19 13:13:48.846
13:13:52.550 1
9405 2807980 4CA7AC RYR48XT 1255 0.2049000 39.0161300 12150.00 269.90 274.70 -1856.00 0 0 0 0 2015/10/19 13:13:51.893
13:13:53.552 1
9405 2807980 4CA7AC RYR48XT 1255 0.2033100 39.0163400 12125.00 270.00 277.00 -1664.00 0 0 0 0 2015/10/19 13:13:52.909
13:13:54.554 1
9405 2807980 4CA7AC RYR48XT 1255 0.2017200 39.0165500 12075.00 270.50 277.90 -1600.00 0 0 0 0 2015/10/19 13:13:53.925
13:13:55.558 1
9405 2807980 4CA7AC RYR48XT 1255 0.2000800 39.0167500 12075.00 271.30 280.20 -1600.00 0 0 0 0 2015/10/19 13:13:54.940
13:13:56.559 1
9405 2807980 4CA7AC RYR48XT 1255 0.1985500 39.0170100 12025.00 271.60 280.60 -1664.00 0 0 0 0 2015/10/19 13:13:55.753
13:13:57.561 1
9405 2807980 4CA7AC RYR48XT 1255 0.1972700 39.0172000 12000.00 272.00 281.00 -1792.00 0 0 0 0 2015/10/19 13:13:56.769
13:13:58.564 1
9405 2807980 4CA7AC RYR48XT 1255 0.1956600 39.0174400 11975.00 272.40 281.40 -1920.00 0 0 0 0 2015/10/19 13:13:57.784
13:13:59.568 1
9405 2807980 4CA7AC RYR48XT 1255 0.1940900 39.0177100 11950.00 271.10 280.00 -2112.00 0 0 0 0 2015/10/19 13:13:58.800
13:14:00.570 1
9405 2807980 4CA7AC RYR48XT 1255 0.1922000 39.0180400 11900.00 271.30 280.20 -2176.00 0 0 0 0 2015/10/19 13:13:59.816
13:14:01.577 1
9405 2807980 4CA7AC RYR48XT 1255 0.1905900 39.0182600 11875.00 271.30 280.20 -2176.00 0 0 0 0 2015/10/19 13:14:00.831
13:14:02.580 1
9405 2807980 4CA7AC RYR48XT 1255 0.1899900 39.0184000 11850.00 271.50 280.40 -2240.00 0 0 0 0 2015/10/19 13:14:01.237
13:14:03.584 1
9405 2807980 4CA7AC RYR48XT 1255 0.1874200 39.0188100 11800.00 272.40 280.40 -2304.00 0 0 0 0 2015/10/19 13:14:02.862
13:14:04.584 1
9405 2807980 4CA7AC RYR48XT 1255 0.1874200 39.0188100 11800.00 272.40 280.40 -2304.00 0 0 0 0 2015/10/19 13:14:02.862
13:14:05.590 1
9405 2807980 4CA7AC RYR48XT 1255 0.1845700 39.0192900 11725.00 272.40 280.40 -2240.00 0 0 0 0 2015/10/19 13:14:04.691
13:14:06.593 1
9405 2807980 4CA7AC RYR48XT 1255 0.1829500 39.0195500 11675.00 273.40 280.30 -2176.00 0 0 0 0 2015/10/19 13:14:05.706
13:14:07.599 1
9405 2807980 4CA7AC RYR48XT 1255 0.1814000 39.0198100 11650.00 273.40 280.30 -2112.00 0 0 0 0 2015/10/19 13:14:06.722
13:14:08.600 1
9405 2807980 4CA7AC RYR48XT 1255 0.1814000 39.0198100 11650.00 273.40 280.30 -2112.00 0 0 0 0 2015/10/19 13:14:06.722
13:14:09.602 1
9405 2807980 4CA7AC RYR48XT 1255 0.1778700 39.0203700 11575.00 274.20 280.10 -2048.00 0 0 0 0 2015/10/19 13:14:08.753
13:14:10.605 1
9405 2807980 4CA7AC RYR48XT 1255 0.1772100 39.0205100 11575.00 274.20 280.10 -1984.00 0 0 0 0 2015/10/19 13:14:09.363
13:14:11.606 1
9405 2807980 4CA7AC RYR48XT 1255 0.1749900 39.0208300 11525.00 274.20 280.10 -1856.00 0 0 0 0 2015/10/19 13:14:10.581
13:14:12.608 1
9405 2807980 4CA7AC RYR48XT 1255 0.1749900 39.0208300 11525.00 274.20 280.10 -1856.00 0 0 0 0 2015/10/19 13:14:10.581
13:14:13.629 1
9405 2807980 4CA7AC RYR48XT 1255 0.1711400 39.0214800 11450.00 274.10 279.90 -1792.00 0 0 0 0 2015/10/19 13:14:13.019
13:14:14.609 1
9405 2807980 4CA7AC RYR48XT 1255 0.1704700 39.0215800 11450.00 275.30 281.30 -1728.00 0 0 0 0 2015/10/19 13:14:13.628
13:14:15.610 1
9405 2807980 4CA7AC RYR48XT 1255 0.1704700 39.0215800 11450.00 275.30 281.30 -1728.00 0 0 0 0 2015/10/19 13:14:13.628
13:14:16.616 1
9405 2807980 4CA7AC RYR48XT 1255 0.1704700 39.0215800 11450.00 275.30 281.30 -1728.00 0 0 0 0 2015/10/19 13:14:13.628
13:14:17.617 1
9405 2807980 4CA7AC RYR48XT 1255 0.1650300 39.0224300 11350.00 276.10 281.10 -1728.00 0 0 0 0 2015/10/19 13:14:16.878
13:14:18.619 1
9405 2807980 4CA7AC RYR48XT 1255 0.1650300 39.0224300 11350.00 276.10 281.10 -1728.00 0 0 0 0 2015/10/19 13:14:16.878
13:14:19.670 1
9405 2807980 4CA7AC RYR48XT 1255 0.1650300 39.0224300 11350.00 276.10 281.10 -1728.00 0 0 0 0 2015/10/19 13:14:16.878
13:14:20.625 1
9405 2807980 4CA7AC RYR48XT 1255 0.1602200 39.0231600 11275.00 276.10 281.10 -1728.00 0 0 0 0 2015/10/19 13:14:19.925
13:14:21.627 1
9405 2807980 4CA7AC RYR48XT 1255 0.1589400 39.0233400 11250.00 276.10 281.10 -1664.00 0 0 0 0 2015/10/19 13:14:20.738
13:14:22.632 1
9405 2807980 4CA7AC RYR48XT 1255 0.1569800 39.0236200 11200.00 276.10 281.10 -1600.00 0 0 0 0 2015/10/19 13:14:21.957
13:14:23.635 1
9405 2807980 4CA7AC RYR48XT 1255 0.1553600 39.0239000 11175.00 276.10 281.10 -1472.00 0 0 0 0 2015/10/19 13:14:22.972
13:14:24.634 1
9405 2807980 4CA7AC RYR48XT 1255 0.1553600 39.0239000 11175.00 276.10 281.10 -1472.00 0 0 0 0 2015/10/19 13:14:22.972
13:14:25.635 1
9405 2807980 4CA7AC RYR48XT 1255 0.1553600 39.0239000 11175.00 276.10 281.10 -1472.00 0 0 0 0 2015/10/19 13:14:22.972
13:14:26.636 1
9405 2807980 4CA7AC RYR48XT 1255 0.1553600 39.0239000 11175.00 276.10 281.10 -1472.00 0 0 0 0 2015/10/19 13:14:22.972
13:14:27.641 1
9405 2807980 4CA7AC RYR48XT 1255 0.1489700 39.0248600 11100.00 275.20 281.10 -1280.00 0 0 0 0 2015/10/19 13:14:26.832
13:14:28.645 1
9405 2807980 4CA7AC RYR48XT 1255 0.1474000 39.0251100 11075.00 275.30 281.30 -1280.00 0 0 0 0 2015/10/19 13:14:27.847
13:14:29.651 1
9405 2807980 4CA7AC RYR48XT 1255 0.1458100 39.0253600 11075.00 274.10 279.90 -1216.00 0 0 0 0 2015/10/19 13:14:28.863
13:14:30.651 1
9405 2807980 4CA7AC RYR48XT 1255 0.1441700 39.0256300 11050.00 273.00 281.00 -1088.00 0 0 0 0 2015/10/19 13:14:29.879
13:14:31.654 1
9405 2807980 4CA7AC RYR48XT 1255 0.1429400 39.0259000 11025.00 274.60 283.50 -1088.00 0 0 0 0 2015/10/19 13:14:30.894
13:14:32.655 1
9405 2807980 4CA7AC RYR48XT 1255 0.1413300 39.0261800 11025.00 274.80 284.50 -1088.00 0 0 0 0 2015/10/19 13:14:31.707
13:14:33.658 1
9405 2807980 4CA7AC RYR48XT 1255 0.1413300 39.0261800 11025.00 274.80 284.50 -1088.00 0 0 0 0 2015/10/19 13:14:31.707
13:14:34.658 1
9405 2807980 4CA7AC RYR48XT 1255 0.1382200 39.0269200 10975.00 274.60 286.70 -1024.00 0 0 0 0 2015/10/19 13:14:33.738
13:14:35.660 1
9405 2807980 4CA7AC RYR48XT 1255 0.1366600 39.0273000 10975.00 275.10 287.80 -1088.00 0 0 0 0 2015/10/19 13:14:34.754
13:14:36.664 1
9405 2807980 4CA7AC RYR48XT 1255 0.1351200 39.0276900 10950.00 273.00 287.00 -1088.00 0 0 0 0 2015/10/19 13:14:35.566
13:14:37.669 1
9405 2807980 4CA7AC RYR48XT 1255 0.1351200 39.0276900 10950.00 273.00 287.00 -1088.00 0 0 0 0 2015/10/19 13:14:35.566
13:14:38.673 1
9405 2807980 4CA7AC RYR48XT 1255 0.1314200 39.0287500 10900.00 272.90 288.40 -1088.00 0 0 0 0 2015/10/19 13:14:38.004
13:14:39.675 1
9405 2807980 4CA7AC RYR48XT 1255 0.1308200 39.0289300 10900.00 272.90 288.40 -1088.00 0 0 0 0 2015/10/19 13:14:38.613
13:14:40.680 1
9405 2807980 4CA7AC RYR48XT 1255 0.1295700 39.0293000 10875.00 276.00 290.80 -1024.00 0 0 0 0 2015/10/19 13:14:39.426
13:14:41.680 1
9405 2807980 4CA7AC RYR48XT 1255 0.1277200 39.0298500 10875.00 276.30 291.00 -1024.00 0 0 0 0 2015/10/19 13:14:40.442
13:14:42.683 1
9405 2807980 4CA7AC RYR48XT 1255 0.1277200 39.0298500 10875.00 276.30 291.00 -1024.00 0 0 0 0 2015/10/19 13:14:40.442
13:14:43.686 1
9405 2807980 4CA7AC RYR48XT 1255 0.1277200 39.0298500 10875.00 276.30 291.00 -1024.00 0 0 0 0 2015/10/19 13:14:40.442
13:14:44.690 1
9405 2807980 4CA7AC RYR48XT 1255 0.1277200 39.0298500 10825.00 275.80 291.30 -1024.00 0 0 0 0 2015/10/19 13:14:40.442
13:14:45.691 1
9405 2807980 4CA7AC RYR48XT 1255 0.1277200 39.0298500 10825.00 275.80 291.30 -1024.00 0 0 0 0 2015/10/19 13:14:40.442
13:14:46.693 1
9405 2807980 4CA7AC RYR48XT 1255 0.1197700 39.0322700 10775.00 277.10 291.40 -960.00 0 0 0 0 2015/10/19 13:14:45.723
13:14:47.696 1
9405 2807980 4CA7AC RYR48XT 1255 0.1182900 39.0327000 10750.00 277.10 291.40 -960.00 0 0 0 0 2015/10/19 13:14:46.739
13:14:48.697 1
9405 2807980 4CA7AC RYR48XT 1255 0.1167300 39.0331900 10750.00 277.10 291.40 -960.00 0 0 0 0 2015/10/19 13:14:47.754
13:14:49.703 1
9405 2807980 4CA7AC RYR48XT 1255 0.1148800 39.0337400 10725.00 277.10 291.40 -960.00 0 0 0 0 2015/10/19 13:14:48.973
13:14:50.704 1
9405 2807980 4CA7AC RYR48XT 1255 0.1148800 39.0337400 10725.00 277.10 291.40 -960.00 0 0 0 0 2015/10/19 13:14:48.973
13:14:51.707 1
9405 2807980 4CA7AC RYR48XT 1255 0.1118300 39.0347000 10700.00 278.00 291.30 -1024.00 0 0 0 0 2015/10/19 13:14:51.004
13:14:52.710 1
9405 2807980 4CA7AC RYR48XT 1255 0.1102900 39.0351700 10675.00 278.00 291.30 -1024.00 0 0 0 0 2015/10/19 13:14:52.020
13:14:53.717 1
9405 2807980 4CA7AC RYR48XT 1255 0.1087300 39.0356100 10650.00 278.00 291.30 -1024.00 0 0 0 0 2015/10/19 13:14:52.832
13:14:54.716 1
9405 2807980 4CA7AC RYR48XT 1255 0.1087300 39.0356100 10650.00 278.00 291.30 -1024.00 0 0 0 0 2015/10/19 13:14:52.832
13:14:55.718 1
9405 2807980 4CA7AC RYR48XT 1255 0.1087300 39.0356100 10650.00 278.00 291.30 -1024.00 0 0 0 0 2015/10/19 13:14:52.832
13:14:56.723 1
9405 2807980 4CA7AC RYR48XT 1255 0.1087300 39.0356100 10650.00 278.00 291.30 -1024.00 0 0 0 0 2015/10/19 13:14:52.832
13:14:57.722 1
9405 2807980 4CA7AC RYR48XT 1255 0.1029100 39.0374000 10600.00 278.40 291.50 -960.00 0 0 0 0 2015/10/19 13:14:56.895
13:14:58.725 1
9405 2807980 4CA7AC RYR48XT 1255 0.1019800 39.0376700 10575.00 278.40 291.50 -960.00 0 0 0 0 2015/10/19 13:14:57.161
13:14:59.733 1
9405 2807980 4CA7AC RYR48XT 1255 0.1019800 39.0376700 10575.00 278.40 291.50 -960.00 0 0 0 0 2015/10/19 13:14:57.161
13:15:00.734 1
9405 2807980 4CA7AC RYR48XT 1255 0.1019800 39.0376700 10575.00 278.40 291.50 -960.00 0 0 0 0 2015/10/19 13:14:57.161
13:15:01.734 1
9405 2807980 4CA7AC RYR48XT 1255 0.0973500 39.0390800 10525.00 278.40 291.50 -960.00 0 0 0 0 2015/10/19 13:15:00.348
13:15:02.737 1
9405 2807980 4CA7AC RYR48XT 1255 0.0951800 39.0397300 10525.00 278.40 291.50 -960.00 0 0 0 0 2015/10/19 13:15:01.770
13:15:03.739 1
9405 2807980 4CA7AC RYR48XT 1255 0.0936900 39.0402400 10500.00 278.00 291.30 -960.00 0 0 0 0 2015/10/19 13:15:02.583
13:15:04.744 1
9405 2807980 4CA7AC RYR48XT 1255 0.0921300 39.0407000 10475.00 278.00 291.30 -960.00 0 0 0 0 2015/10/19 13:15:03.598
13:15:05.750 1
9405 2807980 4CA7AC RYR48XT 1255 0.0899700 39.0413600 10450.00 278.00 291.30 -1024.00 0 0 0 0 2015/10/19 13:15:05.020
13:15:06.749 1
9405 2807980 4CA7AC RYR48XT 1255 0.0893600 39.0415500 10450.00 278.00 291.30 -1024.00 0 0 0 0 2015/10/19 13:15:05.630
13:15:07.748 1
9405 2807980 4CA7AC RYR48XT 1255 0.0893600 39.0415500 10450.00 278.00 291.30 -1024.00 0 0 0 0 2015/10/19 13:15:05.630
13:15:08.754 1
9405 2807980 4CA7AC RYR48XT 1255 0.0862400 39.0424800 10400.00 278.00 291.30 -1024.00 0 0 0 0 2015/10/19 13:15:07.458
13:15:09.759 1
9405 2807980 4CA7AC RYR48XT 1255 0.0844100 39.0430400 10400.00 277.60 291.10 -1024.00 0 0 0 0 2015/10/19 13:15:08.677
13:15:10.761 1
9405 2807980 4CA7AC RYR48XT 1255 0.0844100 39.0430400 10400.00 277.60 291.10 -1024.00 0 0 0 0 2015/10/19 13:15:08.677
13:15:11.763 1
9405 2807980 4CA7AC RYR48XT 1255 0.0844100 39.0430400 10400.00 277.60 291.10 -1024.00 0 0 0 0 2015/10/19 13:15:08.677
13:15:12.764 1
9405 2807980 4CA7AC RYR48XT 1255 0.0798300 39.0444000 10350.00 278.00 291.30 -1088.00 0 0 0 0 2015/10/19 13:15:11.724
13:15:13.768 1
9405 2807980 4CA7AC RYR48XT 1255 0.0776400 39.0450800 10325.00 278.00 291.30 -1024.00 0 0 0 0 2015/10/19 13:15:12.942
13:15:14.771 1
9405 2807980 4CA7AC RYR48XT 1255 0.0764200 39.0454600 10325.00 278.40 291.50 -960.00 0 0 0 0 2015/10/19 13:15:13.958
13:15:15.771 1
9405 2807980 4CA7AC RYR48XT 1255 0.0764200 39.0454600 10325.00 278.40 291.50 -896.00 0 0 0 0 2015/10/19 13:15:13.958
13:15:16.772 1
9405 2807980 4CA7AC RYR48XT 1255 0.0733600 39.0463900 10275.00 278.40 291.50 -960.00 0 0 0 0 2015/10/19 13:15:15.989
13:15:17.779 1
9405 2807980 4CA7AC RYR48XT 1255 0.0733600 39.0463900 10275.00 278.40 291.50 -960.00 0 0 0 0 2015/10/19 13:15:15.989
13:15:18.782 1
9405 2807980 4CA7AC RYR48XT 1255 0.0705800 39.0472400 10250.00 278.40 291.50 -960.00 0 0 0 0 2015/10/19 13:15:17.818
13:15:19.784 1
9405 2807980 4CA7AC RYR48XT 1255 0.0690300 39.0477400 10225.00 278.40 291.50 -1024.00 0 0 0 0 2015/10/19 13:15:18.833
13:15:20.784 1
9405 2807980 4CA7AC RYR48XT 1255 0.0690300 39.0477400 10225.00 278.40 291.50 -1024.00 0 0 0 0 2015/10/19 13:15:18.833
13:15:21.789 1
9405 2807980 4CA7AC RYR48XT 1255 0.0659800 39.0486700 10200.00 279.30 291.40 -1024.00 0 0 0 0 2015/10/19 13:15:20.661
13:15:22.793 1
9405 2807980 4CA7AC RYR48XT 1255 0.0659800 39.0486700 10200.00 279.30 291.40 -1024.00 0 0 0 0 2015/10/19 13:15:20.661
13:15:23.797 1
9405 2807980 4CA7AC RYR48XT 1255 0.0625700 39.0497100 10175.00 278.90 291.20 -1024.00 0 0 0 0 2015/10/19 13:15:22.896
13:15:24.798 1
9405 2807980 4CA7AC RYR48XT 1255 0.0613200 39.0500800 10150.00 278.90 291.20 -1024.00 0 0 0 0 2015/10/19 13:15:23.833
13:15:25.799 1
9405 2807980 4CA7AC RYR48XT 1255 0.0613200 39.0500800 10150.00 278.90 291.20 -1024.00 0 0 0 0 2015/10/19 13:15:23.833
13:15:26.800 1
9405 2807980 4CA7AC RYR48XT 1255 0.0582200 39.0510400 10125.00 280.20 291.30 -1088.00 0 0 0 0 2015/10/19 13:15:25.740
13:15:27.807 1
9405 2807980 4CA7AC RYR48XT 1255 0.0582200 39.0510400 10125.00 280.20 291.30 -1088.00 0 0 0 0 2015/10/19 13:15:25.740
13:15:28.808 1
9405 2807980 4CA7AC RYR48XT 1255 0.0551100 39.0519600 10075.00 278.70 289.90 -1024.00 0 0 0 0 2015/10/19 13:15:27.771
13:15:29.811 1
9405 2807980 4CA7AC RYR48XT 1255 0.0542000 39.0522500 10075.00 278.70 289.90 -960.00 0 0 0 0 2015/10/19 13:15:28.177
13:15:30.815 1
9405 2807980 4CA7AC RYR48XT 1255 0.0520100 39.0529200 10050.00 281.20 291.30 -1024.00 0 0 0 0 2015/10/19 13:15:29.802
13:15:31.816 1
9405 2807980 4CA7AC RYR48XT 1255 0.0504800 39.0534200 10025.00 281.20 291.30 -960.00 0 0 0 0 2015/10/19 13:15:30.818
13:15:32.866 1
9405 2807980 4CA7AC RYR48XT 1255 0.0489000 39.0538800 10025.00 281.20 291.30 -960.00 0 0 0 0 2015/10/19 13:15:31.833
13:15:33.823 1
9405 2807980 4CA7AC RYR48XT 1255 0.0470500 39.0544300 10000.00 280.80 291.10 -1024.00 0 0 0 0 2015/10/19 13:15:32.849
13:15:34.825 1
9405 2807980 4CA7AC RYR48XT 1255 0.0458000 39.0547900 9975.00 280.80 291.10 -1088.00 0 0 0 0 2015/10/19 13:15:33.662
13:15:35.830 1
9405 2807980 4CA7AC RYR48XT 1255 0.0442500 39.0552800 9975.00 280.80 291.10 -1088.00 0 0 0 0 2015/10/19 13:15:34.677
13:15:36.834 1
9405 2807980 4CA7AC RYR48XT 1255 0.0442500 39.0552800 9975.00 280.80 291.10 -1088.00 0 0 0 0 2015/10/19 13:15:34.677
13:15:37.834 1
9405 2807980 4CA7AC RYR48XT 1255 0.0411400 39.0562100 9925.00 279.90 291.20 -1088.00 0 0 0 0 2015/10/19 13:15:36.709
13:15:38.836 1
9405 2807980 4CA7AC RYR48XT 1255 0.0395900 39.0566700 9900.00 279.90 291.20 -1088.00 0 0 0 0 2015/10/19 13:15:37.724
13:15:39.840 1
9405 2807980 4CA7AC RYR48XT 1255 0.0383300 39.0570400 9900.00 279.90 291.20 -1024.00 0 0 0 0 2015/10/19 13:15:38.537
13:15:40.843 1
9405 2807980 4CA7AC RYR48XT 1255 0.0368000 39.0575100 9875.00 279.90 291.20 -1024.00 0 0 0 0 2015/10/19 13:15:39.552
13:15:41.862 1
9405 2807980 4CA7AC RYR48XT 1255 0.0358800 39.0578200 9875.00 279.90 291.20 -1024.00 0 0 0 0 2015/10/19 13:15:40.162
13:15:42.848 1
9405 2807980 4CA7AC RYR48XT 1255 0.0358800 39.0578200 9875.00 279.90 291.20 -1024.00 0 0 0 0 2015/10/19 13:15:40.162
13:15:43.883 1
9405 2807980 4CA7AC RYR48XT 1255 0.0311900 39.0591900 9825.00 279.90 291.20 -1024.00 0 0 0 0 2015/10/19 13:15:43.006
13:15:44.852 1
9405 2807980 4CA7AC RYR48XT 1255 0.0311900 39.0591900 9825.00 279.90 291.20 -1024.00 0 0 0 0 2015/10/19 13:15:43.006
13:15:45.856 1
9405 2807980 4CA7AC RYR48XT 1255 0.0290200 39.0598800 9800.00 279.90 291.20 -960.00 0 0 0 0 2015/10/19 13:15:44.428
13:15:46.865 1
9405 2807980 4CA7AC RYR48XT 1255 0.0274700 39.0603100 9775.00 280.80 291.10 -960.00 0 0 0 0 2015/10/19 13:15:45.443
13:15:47.869 1
9405 2807980 4CA7AC RYR48XT 1255 0.0274700 39.0603100 9775.00 280.80 291.10 -960.00 0 0 0 0 2015/10/19 13:15:45.443
13:15:48.866 1
9405 2807980 4CA7AC RYR48XT 1255 0.0274700 39.0603100 9775.00 280.80 291.10 -960.00 0 0 0 0 2015/10/19 13:15:45.443
13:15:49.867 1
9405 2807980 4CA7AC RYR48XT 1255 0.0225200 39.0618000 9725.00 280.80 291.10 -960.00 0 0 0 0 2015/10/19 13:15:48.693
13:15:50.866 1
9405 2807980 4CA7AC RYR48XT 1255 0.0209600 39.0623000 9725.00 280.80 291.10 -960.00 0 0 0 0 2015/10/19 13:15:49.709
13:15:51.871 1
9405 2807980 4CA7AC RYR48XT 1255 0.0197000 39.0626700 9700.00 280.80 291.10 -1024.00 0 0 0 0 2015/10/19 13:15:50.521
13:15:52.874 1
9405 2807980 4CA7AC RYR48XT 1255 0.0175200 39.0632900 9675.00 280.80 291.10 -1024.00 0 0 0 0 2015/10/19 13:15:51.943
13:15:53.880 1
9405 2807980 4CA7AC RYR48XT 1255 0.0160000 39.0637700 9650.00 280.80 291.10 -1024.00 0 0 0 0 2015/10/19 13:15:52.959
13:15:54.885 1
9405 2807980 4CA7AC RYR48XT 1255 0.0147500 39.0641300 9650.00 280.40 290.90 -960.00 0 0 0 0 2015/10/19 13:15:53.772
13:15:55.904 1
9405 2807980 4CA7AC RYR48XT 1255 0.0147500 39.0641300 9650.00 280.40 290.90 -960.00 0 0 0 0 2015/10/19 13:15:53.772
13:15:56.890 1
9405 2807980 4CA7AC RYR48XT 1255 0.0113500 39.0651500 9625.00 280.40 290.90 -960.00 0 0 0 0 2015/10/19 13:15:55.803
13:15:57.898 1
9405 2807980 4CA7AC RYR48XT 1255 0.0100700 39.0655200 9600.00 280.10 290.70 -1024.00 0 0 0 0 2015/10/19 13:15:56.819
13:15:58.903 1
9405 2807980 4CA7AC RYR48XT 1255 0.0088500 39.0658900 9575.00 280.10 290.70 -1088.00 0 0 0 0 2015/10/19 13:15:57.631
13:15:59.907 1
9405 2807980 4CA7AC RYR48XT 1255 0.0078800 39.0661900 9575.00 280.10 290.70 -1088.00 0 0 0 0 2015/10/19 13:15:58.162
13:16:00.911 1
9405 2807980 4CA7AC RYR48XT 1255 0.0051300 39.0670100 9550.00 280.10 290.70 -1024.00 0 0 0 0 2015/10/19 13:15:59.865
13:16:01.915 1
9405 2807980 4CA7AC RYR48XT 1255 0.0035800 39.0674700 9525.00 280.10 290.70 -1088.00 0 0 0 0 2015/10/19 13:16:00.881
13:16:02.921 1
9405 2807980 4CA7AC RYR48XT 1255 0.0035800 39.0674700 9525.00 280.10 290.70 -1088.00 0 0 0 0 2015/10/19 13:16:00.881
13:16:03.920 1
9405 2807980 4CA7AC RYR48XT 1255 0.0007300 39.0682700 9500.00 280.10 290.70 -1024.00 0 0 0 0 2015/10/19 13:16:02.709
13:16:04.923 1
9405 2807980 4CA7AC RYR48XT 1255 -0.0008400 39.0687600 9475.00 280.10 290.70 -960.00 0 0 0 0 2015/10/19 13:16:03.725
13:16:05.928 1
9405 2807980 4CA7AC RYR48XT 1255 -0.0023800 39.0692000 9475.00 280.10 290.70 -960.00 0 0 0 0 2015/10/19 13:16:04.741
13:16:06.929 1
9405 2807980 4CA7AC RYR48XT 1255 -0.0039400 39.0696700 9450.00 281.40 290.80 -896.00 0 0 0 0 2015/10/19 13:16:05.756
13:16:07.934 1
9405 2807980 4CA7AC RYR48XT 1255 -0.0039400 39.0696700 9450.00 281.40 290.80 -896.00 0 0 0 0 2015/10/19 13:16:05.756
13:16:08.938 1
9405 2807980 4CA7AC RYR48XT 1255 -0.0070500 39.0705900 9425.00 281.40 290.80 -896.00 0 0 0 0 2015/10/19 13:16:07.788
13:16:09.944 1
9405 2807980 4CA7AC RYR48XT 1255 -0.0086100 39.0710600 9400.00 281.40 290.80 -896.00 0 0 0 0 2015/10/19 13:16:08.600
13:16:10.948 1
9405 2807980 4CA7AC RYR48XT 1255 -0.0102100 39.0715500 9400.00 282.70 290.90 -960.00 0 0 0 0 2015/10/19 13:16:09.616
13:16:11.950 1
9405 2807980 4CA7AC RYR48XT 1255 -0.0117200 39.0719900 9375.00 282.70 290.90 -960.00 0 0 0 0 2015/10/19 13:16:10.631
13:16:12.950 1
9405 2807980 4CA7AC RYR48XT 1255 -0.0133100 39.0724600 9350.00 282.70 290.90 -960.00 0 0 0 0 2015/10/19 13:16:11.647
13:16:13.949 1
9405 2807980 4CA7AC RYR48XT 1255 -0.0148900 39.0729700 9350.00 282.70 290.90 -1024.00 0 0 0 0 2015/10/19 13:16:12.663
13:16:14.952 1
9405 2807980 4CA7AC RYR48XT 1255 -0.0164800 39.0734300 9325.00 283.00 291.10 -1024.00 0 0 0 0 2015/10/19 13:16:13.678
13:16:15.956 1
9405 2807980 4CA7AC RYR48XT 1255 -0.0177300 39.0737900 9300.00 283.00 291.10 -1024.00 0 0 0 0 2015/10/19 13:16:14.491
13:16:16.957 1
9405 2807980 4CA7AC RYR48XT 1255 -0.0192900 39.0742700 9275.00 283.00 291.10 -1088.00 0 0 0 0 2015/10/19 13:16:15.506
13:16:17.963 1
9405 2807980 4CA7AC RYR48XT 1255 -0.0208400 39.0747500 9250.00 283.00 291.10 -1152.00 0 0 0 0 2015/10/19 13:16:16.522
13:16:19.028 1
9405 2807980 4CA7AC RYR48XT 1255 -0.0224000 39.0752000 9250.00 282.70 290.90 -1088.00 0 0 0 0 2015/10/19 13:16:17.538
13:16:19.964 1
9405 2807980 4CA7AC RYR48XT 1255 -0.0240000 39.0756700 9225.00 283.20 290.70 -1088.00 0 0 0 0 2015/10/19 13:16:18.553
13:16:20.968 1
9405 2807980 4CA7AC RYR48XT 1255 -0.0261800 39.0763200 9200.00 283.20 290.70 -1088.00 0 0 0 0 2015/10/19 13:16:19.975
13:16:21.970 1
9405 2807980 4CA7AC RYR48XT 1255 -0.0280800 39.0768800 9200.00 283.20 290.70 -1088.00 0 0 0 0 2015/10/19 13:16:20.991
13:16:22.972 1
9405 2807980 4CA7AC RYR48XT 1255 -0.0293600 39.0772500 9175.00 283.60 290.90 -1024.00 0 0 0 0 2015/10/19 13:16:22.007
13:16:23.977 1
9405 2807980 4CA7AC RYR48XT 1255 -0.0309300 39.0777300 9150.00 283.60 290.90 -896.00 0 0 0 0 2015/10/19 13:16:22.819
13:16:24.979 1
9405 2807980 4CA7AC RYR48XT 1255 -0.0324700 39.0781800 9150.00 283.00 291.10 -960.00 0 0 0 0 2015/10/19 13:16:23.835
13:16:25.984 1
9405 2807980 4CA7AC RYR48XT 1255 -0.0340300 39.0786900 9125.00 283.00 291.10 -896.00 0 0 0 0 2015/10/19 13:16:24.850
13:16:26.984 1
9405 2807980 4CA7AC RYR48XT 1255 -0.0355800 39.0791600 9100.00 283.00 291.10 -960.00 0 0 0 0 2015/10/19 13:16:25.866
13:16:27.986 1
9405 2807980 4CA7AC RYR48XT 1255 -0.0372000 39.0796100 9100.00 283.00 291.10 -960.00 0 0 0 0 2015/10/19 13:16:26.882
13:16:28.990 1
9405 2807980 4CA7AC RYR48XT 1255 -0.0387600 39.0800900 9075.00 282.70 290.90 -896.00 0 0 0 0 2015/10/19 13:16:27.897
13:16:29.994 1
9405 2807980 4CA7AC RYR48XT 1255 -0.0403000 39.0805200 9075.00 283.20 290.70 -832.00 0 0 0 0 2015/10/19 13:16:28.913
13:16:30.996 1
9405 2807980 4CA7AC RYR48XT 1255 -0.0418700 39.0810200 9050.00 283.20 290.70 -768.00 0 0 0 0 2015/10/19 13:16:29.929
13:16:32.000 1
9405 2807980 4CA7AC RYR48XT 1255 -0.0431500 39.0813500 9050.00 282.90 290.50 -896.00 0 0 0 0 2015/10/19 13:16:30.741
13:16:33.005 1
9405 2807980 4CA7AC RYR48XT 1255 -0.0447200 39.0818500 9025.00 282.90 290.50 -896.00 0 0 0 0 2015/10/19 13:16:31.757
13:16:34.011 1
9405 2807980 4CA7AC RYR48XT 1255 -0.0463300 39.0822800 9000.00 282.90 290.50 -896.00 0 0 0 0 2015/10/19 13:16:32.773
13:16:35.012 1
9405 2807980 4CA7AC RYR48XT 1255 -0.0478900 39.0827600 9000.00 283.20 290.70 -896.00 0 0 0 0 2015/10/19 13:16:33.788
13:16:36.018 1
9405 2807980 4CA7AC RYR48XT 1255 -0.0494400 39.0832100 8975.00 284.20 290.60 -896.00 0 0 0 0 2015/10/19 13:16:34.804
13:16:37.016 1
9405 2807980 4CA7AC RYR48XT 1255 -0.0513300 39.0837700 8975.00 284.50 290.80 -832.00 0 0 0 0 2015/10/19 13:16:35.820
13:16:38.021 1
9405 2807980 4CA7AC RYR48XT 1255 -0.0529000 39.0842700 8950.00 284.90 291.00 -896.00 0 0 0 0 2015/10/19 13:16:36.835
13:16:39.022 1
9405 2807980 4CA7AC RYR48XT 1255 -0.0542200 39.0846400 8950.00 282.50 289.70 -896.00 0 0 0 0 2015/10/19 13:16:37.851
13:16:40.025 1
9405 2807980 4CA7AC RYR48XT 1255 -0.0560700 39.0851900 8925.00 282.50 289.70 -896.00 0 0 0 0 2015/10/19 13:16:38.866
13:16:41.029 1
9405 2807980 4CA7AC RYR48XT 1255 -0.0560700 39.0851900 8925.00 282.50 289.70 -896.00 0 0 0 0 2015/10/19 13:16:38.866
13:16:42.034 1
9405 2807980 4CA7AC RYR48XT 1255 -0.0582900 39.0858600 8900.00 283.40 289.60 -896.00 0 0 0 0 2015/10/19 13:16:40.288
13:16:43.039 1
9405 2807980 4CA7AC RYR48XT 1255 -0.0602400 39.0864700 8875.00 283.40 289.60 -960.00 0 0 0 0 2015/10/19 13:16:41.507
13:16:44.044 1
9405 2807980 4CA7AC RYR48XT 1255 -0.0624500 39.0871100 8850.00 283.70 289.80 -1152.00 0 0 0 0 2015/10/19 13:16:42.929
13:16:45.046 1
9405 2807980 4CA7AC RYR48XT 1255 -0.0640300 39.0875900 8825.00 282.80 289.80 -1152.00 0 0 0 0 2015/10/19 13:16:43.945
13:16:46.051 1
9405 2807980 4CA7AC RYR48XT 1255 -0.0640300 39.0875900 8825.00 282.80 289.80 -1152.00 0 0 0 0 2015/10/19 13:16:43.945
13:16:47.053 1
9405 2807980 4CA7AC RYR48XT 1255 -0.0668700 39.0884900 8800.00 283.10 290.00 -1216.00 0 0 0 0 2015/10/19 13:16:45.773
13:16:48.104 1
9405 2807980 4CA7AC RYR48XT 1255 -0.0668700 39.0884900 8800.00 283.10 290.00 -1216.00 0 0 0 0 2015/10/19 13:16:45.773
13:16:49.058 1
9405 2807980 4CA7AC RYR48XT 1255 -0.0706300 39.0896300 8750.00 283.10 290.00 -1152.00 0 0 0 0 2015/10/19 13:16:48.007
13:16:50.064 1
9405 2807980 4CA7AC RYR48XT 1255 -0.0715900 39.0899100 8750.00 283.10 290.00 -1088.00 0 0 0 0 2015/10/19 13:16:48.617
13:16:51.065 1
9405 2807980 4CA7AC RYR48XT 1255 -0.0731400 39.0904100 8725.00 283.10 290.00 -1088.00 0 0 0 0 2015/10/19 13:16:49.632
13:16:52.066 1
9405 2807980 4CA7AC RYR48XT 1255 -0.0744600 39.0908200 8700.00 283.10 290.00 -1088.00 0 0 0 0 2015/10/19 13:16:50.648
13:16:53.071 1
9405 2807980 4CA7AC RYR48XT 1255 -0.0750500 39.0910000 8700.00 283.10 290.00 -1088.00 0 0 0 0 2015/10/19 13:16:51.164
13:16:54.070 1
9405 2807980 4CA7AC RYR48XT 1255 -0.0782200 39.0919600 8675.00 283.10 290.00 -1024.00 0 0 0 0 2015/10/19 13:16:52.882
13:16:55.076 1
9405 2807980 4CA7AC RYR48XT 1255 -0.0797700 39.0924700 8650.00 283.10 290.00 -1024.00 0 0 0 0 2015/10/19 13:16:53.898
13:16:56.080 1
9405 2807980 4CA7AC RYR48XT 1255 -0.0807300 39.0927400 8650.00 283.10 290.00 -960.00 0 0 0 0 2015/10/19 13:16:54.507
13:16:57.147 1
9405 2807980 4CA7AC RYR48XT 1255 -0.0829500 39.0934500 8625.00 283.10 290.00 -960.00 0 0 0 0 2015/10/19 13:16:55.929
13:16:58.087 1
9405 2807980 4CA7AC RYR48XT 1255 -0.0845500 39.0939300 8600.00 283.10 290.00 -896.00 0 0 0 0 2015/10/19 13:16:56.945
13:16:59.088 1
9405 2807980 4CA7AC RYR48XT 1255 -0.0861200 39.0943800 8600.00 283.10 290.00 -896.00 0 0 0 0 2015/10/19 13:16:57.961
13:17:00.092 1
9405 2807980 4CA7AC RYR48XT 1255 -0.0877100 39.0948900 8575.00 283.10 290.00 -832.00 0 0 0 0 2015/10/19 13:16:58.976
13:17:01.092 1
9405 2807980 4CA7AC RYR48XT 1255 -0.0892900 39.0953600 8550.00 283.10 290.00 -832.00 0 0 0 0 2015/10/19 13:16:59.992
13:17:02.097 1
9405 2807980 4CA7AC RYR48XT 1255 -0.0908800 39.0958600 8550.00 283.10 290.00 -896.00 0 0 0 0 2015/10/19 13:17:01.008
13:17:03.099 1
9405 2807980 4CA7AC RYR48XT 1255 -0.0924700 39.0963400 8525.00 282.20 290.10 -960.00 0 0 0 0 2015/10/19 13:17:02.023
13:17:04.104 1
9405 2807980 4CA7AC RYR48XT 1255 -0.0940400 39.0968200 8500.00 281.90 289.90 -1024.00 0 0 0 0 2015/10/19 13:17:02.836
13:17:05.107 1
9405 2807980 4CA7AC RYR48XT 1255 -0.0946400 39.0970000 8500.00 281.90 289.90 -1024.00 0 0 0 0 2015/10/19 13:17:03.445
13:17:06.109 1
9405 2807980 4CA7AC RYR48XT 1255 -0.0971500 39.0977800 8475.00 281.90 289.90 -1024.00 0 0 0 0 2015/10/19 13:17:04.867
13:17:07.109 1
9405 2807980 4CA7AC RYR48XT 1255 -0.0984000 39.0981900 8475.00 281.90 289.90 -1024.00 0 0 0 0 2015/10/19 13:17:05.680
13:17:08.110 1
9405 2807980 4CA7AC RYR48XT 1255 -0.0999800 39.0986700 8450.00 281.90 289.90 -1024.00 0 0 0 0 2015/10/19 13:17:06.695
13:17:09.138 1
9405 2807980 4CA7AC RYR48XT 1255 -0.1015600 39.0991500 8425.00 280.90 290.00 -1088.00 0 0 0 0 2015/10/19 13:17:07.711
13:17:10.121 1
9405 2807980 4CA7AC RYR48XT 1255 -0.1015600 39.0991500 8425.00 280.90 290.00 -1088.00 0 0 0 0 2015/10/19 13:17:07.711
13:17:11.124 1
9405 2807980 4CA7AC RYR48XT 1255 -0.1050400 39.1002000 8400.00 280.60 289.80 -1088.00 0 0 0 0 2015/10/19 13:17:09.945
13:17:12.129 1
9405 2807980 4CA7AC RYR48XT 1255 -0.1062600 39.1005700 8375.00 280.60 289.80 -1024.00 0 0 0 0 2015/10/19 13:17:10.758
13:17:13.133 1
9405 2807980 4CA7AC RYR48XT 1255 -0.1084900 39.1012600 8350.00 281.50 289.70 -960.00 0 0 0 0 2015/10/19 13:17:11.977
13:17:14.138 1
9405 2807980 4CA7AC RYR48XT 1255 -0.1097400 39.1016200 8350.00 281.50 289.70 -960.00 0 0 0 0 2015/10/19 13:17:12.992
13:17:15.138 1
9405 2807980 4CA7AC RYR48XT 1255 -0.1113300 39.1021100 8325.00 281.50 289.70 -960.00 0 0 0 0 2015/10/19 13:17:13.805
13:17:16.144 1
9405 2807980 4CA7AC RYR48XT 1255 -0.1129100 39.1025800 8325.00 281.50 289.70 -960.00 0 0 0 0 2015/10/19 13:17:14.821
13:17:17.146 1
9405 2807980 4CA7AC RYR48XT 1255 -0.1144400 39.1030400 8300.00 284.00 291.10 -960.00 0 0 0 0 2015/10/19 13:17:15.836
13:17:18.151 1
9405 2807980 4CA7AC RYR48XT 1255 -0.1157200 39.1034100 8275.00 284.00 291.10 -896.00 0 0 0 0 2015/10/19 13:17:16.852
13:17:19.155 1
9405 2807980 4CA7AC RYR48XT 1255 -0.1173300 39.1039100 8275.00 284.00 291.10 -896.00 0 0 0 0 2015/10/19 13:17:17.664
13:17:20.160 1
9405 2807980 4CA7AC RYR48XT 1255 -0.1189000 39.1043500 8250.00 283.60 290.90 -896.00 0 0 0 0 2015/10/19 13:17:18.680
13:17:21.162 1
9405 2807980 4CA7AC RYR48XT 1255 -0.1189000 39.1043500 8250.00 283.60 290.90 -896.00 0 0 0 0 2015/10/19 13:17:18.680
13:17:22.166 1
9405 2807980 4CA7AC RYR48XT 1255 -0.1220100 39.1053200 8225.00 282.70 290.90 -896.00 0 0 0 0 2015/10/19 13:17:20.711
13:17:23.165 1
9405 2807980 4CA7AC RYR48XT 1255 -0.1236000 39.1057900 8200.00 282.70 290.90 -896.00 0 0 0 0 2015/10/19 13:17:21.727
13:17:24.171 1
9405 2807980 4CA7AC RYR48XT 1255 -0.1251800 39.1062500 8200.00 282.70 290.90 -960.00 0 0 0 0 2015/10/19 13:17:22.743
13:17:25.173 1
9405 2807980 4CA7AC RYR48XT 1255 -0.1251800 39.1062500 8200.00 282.70 290.90 -960.00 0 0 0 0 2015/10/19 13:17:22.743
13:17:26.241 1
9405 2807980 4CA7AC RYR48XT 1255 -0.1283000 39.1071800 8175.00 281.70 291.00 -896.00 0 0 0 0 2015/10/19 13:17:24.571
13:17:27.181 1
9405 2807980 4CA7AC RYR48XT 1255 -0.1298700 39.1076700 8150.00 281.70 291.00 -960.00 0 0 0 0 2015/10/19 13:17:25.790
