19-Oct-2015
13:12:23.260 1
1215 2807860 34211A AEA1007 7627 -0.5028700 39.4972500 950.00 163.80 294.50 2944.00 0 0 0 0 2015/10/19 13:12:21.704
13:12:24.260 1
1215 2807860 34211A AEA1007 7627 -0.5028700 39.4972500 950.00 163.80 294.50 2944.00 0 0 0 0 2015/10/19 13:12:21.704
13:12:25.262 1
1215 2807860 34211A AEA1007 7627 -0.5028700 39.4972500 950.00 163.80 294.50 2944.00 0 0 0 0 2015/10/19 13:12:21.704
13:12:26.265 1
1215 2807860 34211A AEA1007 7627 -0.5028700 39.4972500 950.00 163.80 294.50 2944.00 0 0 0 0 2015/10/19 13:12:21.704
13:12:27.270 1
1215 2807860 34211A AEA1007 7627 -0.5028700 39.4972500 950.00 163.80 294.50 2944.00 0 0 0 0 2015/10/19 13:12:21.704
13:12:28.276 1
1215 2807860 34211A AEA1007 7627 -0.5068600 39.4986400 1175.00 161.10 294.20 3136.00 0 0 0 0 2015/10/19 13:12:26.376
13:12:29.282 1
1215 2807860 34211A AEA1007 7627 -0.5068600 39.4986400 1175.00 161.10 294.20 3136.00 0 0 0 0 2015/10/19 13:12:26.376
13:12:30.284 1
1215 2807860 34211A AEA1007 7627 -0.5068600 39.4986400 1175.00 161.10 294.20 3136.00 0 0 0 0 2015/10/19 13:12:26.376
13:12:31.292 1
1215 2807860 34211A AEA1007 7627 -0.5068600 39.4986400 1175.00 161.10 294.20 3136.00 0 0 0 0 2015/10/19 13:12:26.376
13:12:32.293 1
1215 2807860 34211A AEA1007 7627 -0.5068600 39.4986400 1175.00 161.10 294.20 3136.00 0 0 0 0 2015/10/19 13:12:26.376
13:12:33.298 1
1215 2807860 34211A AEA1007 7627 -0.5116600 39.5003700 1425.00 160.60 294.70 2560.00 0 0 0 0 2015/10/19 13:12:31.860
13:12:34.301 1
1215 2807860 34211A AEA1007 7627 -0.5116600 39.5003700 1425.00 160.60 294.70 2560.00 0 0 0 0 2015/10/19 13:12:31.860
13:12:35.310 1
1215 2807860 34211A AEA1007 7627 -0.5116600 39.5003700 1425.00 160.60 294.70 2560.00 0 0 0 0 2015/10/19 13:12:31.860
13:12:36.310 1
1215 2807860 34211A AEA1007 7627 -0.5116600 39.5003700 1425.00 160.60 294.70 2560.00 0 0 0 0 2015/10/19 13:12:31.860
13:12:37.313 1
1215 2807860 34211A AEA1007 7627 -0.5151000 39.5015300 1575.00 163.40 294.20 1792.00 0 0 0 0 2015/10/19 13:12:35.720
13:12:38.317 1
1215 2807860 34211A AEA1007 7627 -0.5151000 39.5015300 1575.00 163.40 294.20 1792.00 0 0 0 0 2015/10/19 13:12:35.720
13:12:39.322 1
1215 2807860 34211A AEA1007 7627 -0.5151000 39.5015300 1575.00 163.40 294.20 1792.00 0 0 0 0 2015/10/19 13:12:35.720
13:12:40.327 1
1215 2807860 34211A AEA1007 7627 -0.5179400 39.5025500 1650.00 166.90 294.40 1280.00 0 0 0 0 2015/10/19 13:12:38.767
13:12:41.333 1
1215 2807860 34211A AEA1007 7627 -0.5183100 39.5026500 1650.00 167.80 294.30 1280.00 0 0 0 0 2015/10/19 13:12:39.173
13:12:42.338 1
1215 2807860 34211A AEA1007 7627 -0.5183100 39.5026500 1650.00 170.10 294.30 1216.00 0 0 0 0 2015/10/19 13:12:39.173
13:12:43.338 1
1215 2807860 34211A AEA1007 7627 -0.5183100 39.5026500 1650.00 170.10 294.30 1216.00 0 0 0 0 2015/10/19 13:12:39.173
13:12:44.340 1
1215 2807860 34211A AEA1007 7627 -0.5217300 39.5038600 1725.00 170.10 291.70 1344.00 0 0 0 0 2015/10/19 13:12:42.829
13:12:45.343 1
1215 2807860 34211A AEA1007 7627 -0.5217300 39.5038600 1725.00 170.10 291.70 1344.00 0 0 0 0 2015/10/19 13:12:42.829
13:12:46.342 1
1215 2807860 34211A AEA1007 7627 -0.5217300 39.5038600 1725.00 170.10 291.70 1344.00 0 0 0 0 2015/10/19 13:12:42.829
13:12:47.347 1
1215 2807860 34211A AEA1007 7627 -0.5246000 39.5048700 1800.00 173.30 291.70 1408.00 0 0 0 0 2015/10/19 13:12:45.876
13:12:48.349 1
1215 2807860 34211A AEA1007 7627 -0.5255500 39.5051900 1825.00 174.60 291.90 1344.00 0 0 0 0 2015/10/19 13:12:46.892
13:12:49.355 1
1215 2807860 34211A AEA1007 7627 -0.5255500 39.5051900 1825.00 174.60 291.90 1344.00 0 0 0 0 2015/10/19 13:12:46.892
13:12:50.359 1
1215 2807860 34211A AEA1007 7627 -0.5273400 39.5057800 1875.00 176.40 291.60 1152.00 0 0 0 0 2015/10/19 13:12:48.720
13:12:51.363 1
1215 2807860 34211A AEA1007 7627 -0.5273400 39.5057800 1875.00 176.40 291.60 1152.00 0 0 0 0 2015/10/19 13:12:48.720
13:12:52.370 1
1215 2807860 34211A AEA1007 7627 -0.5273400 39.5057800 1875.00 176.40 291.60 1152.00 0 0 0 0 2015/10/19 13:12:48.720
13:12:53.372 1
1215 2807860 34211A AEA1007 7627 -0.5317000 39.5072900 1975.00 181.80 291.60 1600.00 0 0 0 0 2015/10/19 13:12:52.986
13:12:54.374 1
1215 2807860 34211A AEA1007 7627 -0.5317000 39.5072900 1975.00 181.80 291.60 1600.00 0 0 0 0 2015/10/19 13:12:52.986
13:12:55.377 1
1215 2807860 34211A AEA1007 7627 -0.5323600 39.5075200 1975.00 181.80 291.60 1600.00 0 0 0 0 2015/10/19 13:12:53.595
13:12:56.381 1
1215 2807860 34211A AEA1007 7627 -0.5337300 39.5079800 2025.00 183.70 291.40 1792.00 0 0 0 0 2015/10/19 13:12:55.017
13:12:57.384 1
1215 2807860 34211A AEA1007 7627 -0.5337300 39.5079800 2025.00 183.70 291.40 1792.00 0 0 0 0 2015/10/19 13:12:55.017
13:12:58.384 1
1215 2807860 34211A AEA1007 7627 -0.5337300 39.5079800 2025.00 183.70 291.40 1792.00 0 0 0 0 2015/10/19 13:12:55.017
13:12:59.385 1
1215 2807860 34211A AEA1007 7627 -0.5337300 39.5079800 2025.00 183.70 291.40 1792.00 0 0 0 0 2015/10/19 13:12:55.017
13:13:00.388 1
1215 2807860 34211A AEA1007 7627 -0.5385700 39.5096300 2125.00 188.50 291.80 1152.00 0 0 0 0 2015/10/19 13:12:59.689
13:13:01.391 1
1215 2807860 34211A AEA1007 7627 -0.5385700 39.5096300 2125.00 188.50 291.80 1152.00 0 0 0 0 2015/10/19 13:12:59.689
13:13:02.393 1
1215 2807860 34211A AEA1007 7627 -0.5385700 39.5096300 2125.00 188.50 291.80 1152.00 0 0 0 0 2015/10/19 13:12:59.689
13:13:03.396 1
1215 2807860 34211A AEA1007 7627 -0.5385700 39.5096300 2125.00 188.50 291.80 1152.00 0 0 0 0 2015/10/19 13:12:59.689
13:13:04.399 1
1215 2807860 34211A AEA1007 7627 -0.5385700 39.5096300 2125.00 188.50 291.80 1152.00 0 0 0 0 2015/10/19 13:12:59.689
13:13:05.404 1
1215 2807860 34211A AEA1007 7627 -0.5385700 39.5096300 2125.00 188.50 291.80 1152.00 0 0 0 0 2015/10/19 13:12:59.689
13:13:06.405 1
1215 2807860 34211A AEA1007 7627 -0.5453500 39.5119600 2250.00 201.00 293.80 1472.00 0 0 0 0 2015/10/19 13:13:05.986
13:13:07.407 1
1215 2807860 34211A AEA1007 7627 -0.5453500 39.5119600 2250.00 201.00 293.80 1472.00 0 0 0 0 2015/10/19 13:13:05.986
13:13:08.409 1
1215 2807860 34211A AEA1007 7627 -0.5453500 39.5119600 2250.00 201.00 293.80 1472.00 0 0 0 0 2015/10/19 13:13:05.986
13:13:09.416 1
1215 2807860 34211A AEA1007 7627 -0.5453500 39.5119600 2250.00 201.00 293.80 1472.00 0 0 0 0 2015/10/19 13:13:05.986
13:13:10.417 1
1215 2807860 34211A AEA1007 7627 -0.5453500 39.5119600 2250.00 201.00 293.80 1472.00 0 0 0 0 2015/10/19 13:13:05.986
13:13:11.417 1
1215 2807860 34211A AEA1007 7627 -0.5509600 39.5139100 2375.00 209.50 294.20 1408.00 0 0 0 0 2015/10/19 13:13:10.861
13:13:12.422 1
1215 2807860 34211A AEA1007 7627 -0.5518800 39.5142400 2375.00 210.40 294.10 1472.00 0 0 0 0 2015/10/19 13:13:11.674
13:13:13.426 1
1215 2807860 34211A AEA1007 7627 -0.5531400 39.5146600 2400.00 211.30 294.00 1472.00 0 0 0 0 2015/10/19 13:13:12.892
13:13:14.431 1
1215 2807860 34211A AEA1007 7627 -0.5531400 39.5146600 2400.00 211.30 294.00 1472.00 0 0 0 0 2015/10/19 13:13:12.892
13:13:15.435 1
1215 2807860 34211A AEA1007 7627 -0.5547500 39.5152600 2450.00 213.10 293.80 1600.00 0 0 0 0 2015/10/19 13:13:14.314
13:13:16.436 1
1215 2807860 34211A AEA1007 7627 -0.5547500 39.5152600 2450.00 213.10 293.80 1600.00 0 0 0 0 2015/10/19 13:13:14.314
13:13:17.438 1
1215 2807860 34211A AEA1007 7627 -0.5547500 39.5152600 2450.00 213.10 293.80 1600.00 0 0 0 0 2015/10/19 13:13:14.314
13:13:18.444 1
1215 2807860 34211A AEA1007 7627 -0.5547500 39.5152600 2450.00 213.10 293.80 1600.00 0 0 0 0 2015/10/19 13:13:14.314
13:13:19.448 1
1215 2807860 34211A AEA1007 7627 -0.5547500 39.5152600 2450.00 213.10 293.80 1600.00 0 0 0 0 2015/10/19 13:13:14.314
13:13:20.449 1
1215 2807860 34211A AEA1007 7627 -0.5547500 39.5152600 2450.00 213.10 293.80 1600.00 0 0 0 0 2015/10/19 13:13:14.314
13:13:21.452 1
1215 2807860 34211A AEA1007 7627 -0.5547500 39.5152600 2450.00 213.10 293.80 1600.00 0 0 0 0 2015/10/19 13:13:14.314
13:13:22.452 1
1215 2807860 34211A AEA1007 7627 -0.5547500 39.5152600 2450.00 213.10 293.80 1600.00 0 0 0 0 2015/10/19 13:13:14.314
13:13:23.457 1
1215 2807860 34211A AEA1007 7627 -0.5547500 39.5152600 2450.00 213.10 293.80 1600.00 0 0 0 0 2015/10/19 13:13:14.314
13:13:24.457 1
1215 2807860 34211A AEA1007 7627 -0.5547500 39.5152600 2450.00 213.10 293.80 1600.00 0 0 0 0 2015/10/19 13:13:14.314
13:13:25.464 1
1215 2807860 34211A AEA1007 7627 -0.5547500 39.5152600 2450.00 213.10 293.80 1600.00 0 0 0 0 2015/10/19 13:13:14.314
13:13:26.465 1
1215 2807860 34211A AEA1007 7627 -0.5547500 39.5152600 2450.00 213.10 293.80 1600.00 0 0 0 0 2015/10/19 13:13:14.314
13:13:27.467 1
1215 2807860 34211A AEA1007 7627 -0.5547500 39.5152600 2450.00 213.10 293.80 1600.00 0 0 0 0 2015/10/19 13:13:14.314
13:13:28.471 1
1215 2807860 34211A AEA1007 7627 -0.5547500 39.5152600 2450.00 213.10 293.80 1600.00 0 0 0 0 2015/10/19 13:13:14.314
13:13:29.475 1
1215 2807860 34211A AEA1007 7627 -0.5719000 39.5213600 2850.00 225.90 295.40 1088.00 0 0 0 0 2015/10/19 13:13:28.533
13:13:30.481 1
1215 2807860 34211A AEA1007 7627 -0.5719000 39.5213600 2850.00 225.90 295.40 1088.00 0 0 0 0 2015/10/19 13:13:28.533
13:13:31.488 1
1215 2807860 34211A AEA1007 7627 -0.5719000 39.5213600 2850.00 225.90 295.40 1088.00 0 0 0 0 2015/10/19 13:13:28.533
13:13:32.490 1
1215 2807860 34211A AEA1007 7627 -0.5719000 39.5213600 2850.00 225.90 295.40 1088.00 0 0 0 0 2015/10/19 13:13:28.533
13:13:33.496 1
1215 2807860 34211A AEA1007 7627 -0.5719000 39.5213600 2850.00 225.90 295.40 1088.00 0 0 0 0 2015/10/19 13:13:28.533
13:13:34.498 1
1215 2807860 34211A AEA1007 7627 -0.5778600 39.5244600 2925.00 237.80 307.00 832.00 0 0 0 0 2015/10/19 13:13:33.612
13:13:35.502 1
1215 2807860 34211A AEA1007 7627 -0.5785100 39.5248700 2950.00 234.40 307.90 896.00 0 0 0 0 2015/10/19 13:13:34.221
13:13:36.505 1
1215 2807860 34211A AEA1007 7627 -0.5800100 39.5259200 2950.00 240.90 311.30 896.00 0 0 0 0 2015/10/19 13:13:35.643
13:13:37.506 1
1215 2807860 34211A AEA1007 7627 -0.5800100 39.5259200 2950.00 240.90 311.30 896.00 0 0 0 0 2015/10/19 13:13:35.643
13:13:38.510 1
1215 2807860 34211A AEA1007 7627 -0.5800100 39.5259200 2950.00 240.90 311.30 896.00 0 0 0 0 2015/10/19 13:13:35.643
13:13:39.513 1
1215 2807860 34211A AEA1007 7627 -0.5800100 39.5259200 2950.00 240.90 311.30 896.00 0 0 0 0 2015/10/19 13:13:35.643
13:13:40.514 1
1215 2807860 34211A AEA1007 7627 -0.5800100 39.5259200 2950.00 240.90 311.30 896.00 0 0 0 0 2015/10/19 13:13:35.643
13:13:41.516 1
1215 2807860 34211A AEA1007 7627 -0.5800100 39.5259200 2950.00 240.90 311.30 896.00 0 0 0 0 2015/10/19 13:13:35.643
13:13:42.520 1
1215 2807860 34211A AEA1007 7627 -0.5800100 39.5259200 2950.00 240.90 311.30 896.00 0 0 0 0 2015/10/19 13:13:35.643
13:13:43.524 1
1215 2807860 34211A AEA1007 7627 -0.5800100 39.5259200 2950.00 240.90 311.30 896.00 0 0 0 0 2015/10/19 13:13:35.643
13:13:44.523 1
1215 2807860 34211A AEA1007 7627 -0.5800100 39.5259200 2950.00 240.90 311.30 896.00 0 0 0 0 2015/10/19 13:13:35.643
13:13:45.535 1
1215 2807860 34211A AEA1007 7627 -0.5800100 39.5259200 2950.00 240.90 311.30 896.00 0 0 0 0 2015/10/19 13:13:35.643
13:13:46.530 1
1215 2807860 34211A AEA1007 7627 -0.5883100 39.5353500 3150.00 240.90 311.30 896.00 0 0 0 0 2015/10/19 13:13:45.596
13:13:47.531 1
1215 2807860 34211A AEA1007 7627 -0.5883100 39.5353500 3150.00 240.90 311.30 896.00 0 0 0 0 2015/10/19 13:13:45.596
13:13:48.535 1
1215 2807860 34211A AEA1007 7627 -0.5883100 39.5353500 3150.00 240.90 311.30 896.00 0 0 0 0 2015/10/19 13:13:45.596
13:13:49.537 1
1215 2807860 34211A AEA1007 7627 -0.5883100 39.5353500 3150.00 240.90 311.30 896.00 0 0 0 0 2015/10/19 13:13:45.596
13:13:50.541 1
1215 2807860 34211A AEA1007 7627 -0.5883100 39.5353500 3150.00 240.90 311.30 896.00 0 0 0 0 2015/10/19 13:13:45.596
13:13:51.544 1
1215 2807860 34211A AEA1007 7627 -0.5883100 39.5353500 3150.00 240.90 311.30 896.00 0 0 0 0 2015/10/19 13:13:45.596
13:13:52.546 1
1215 2807860 34211A AEA1007 7627 -0.5883100 39.5353500 3150.00 240.90 311.30 896.00 0 0 0 0 2015/10/19 13:13:45.596
13:13:53.548 1
1215 2807860 34211A AEA1007 7627 -0.5883100 39.5353500 3150.00 240.90 311.30 896.00 0 0 0 0 2015/10/19 13:13:45.596
13:13:54.550 1
1215 2807860 34211A AEA1007 7627 -0.5883100 39.5353500 3150.00 240.90 311.30 896.00 0 0 0 0 2015/10/19 13:13:45.596
13:13:55.554 1
1215 2807860 34211A AEA1007 7627 -0.5883100 39.5353500 3150.00 240.90 311.30 896.00 0 0 0 0 2015/10/19 13:13:45.596
13:13:56.555 1
1215 2807860 34211A AEA1007 7627 -0.5883100 39.5353500 3150.00 261.00 358.90 2304.00 0 0 0 0 2015/10/19 13:13:45.596
13:13:57.557 1
1215 2807860 34211A AEA1007 7627 -0.5883100 39.5353500 3150.00 261.00 358.90 2304.00 0 0 0 0 2015/10/19 13:13:45.596
13:13:58.560 1
1215 2807860 34211A AEA1007 7627 -0.5883100 39.5353500 3150.00 261.00 358.90 2304.00 0 0 0 0 2015/10/19 13:13:45.596
13:13:59.564 1
1215 2807860 34211A AEA1007 7627 -0.5883100 39.5353500 3150.00 261.00 358.90 2304.00 0 0 0 0 2015/10/19 13:13:45.596
13:14:00.567 1
1215 2807860 34211A AEA1007 7627 -0.5883100 39.5353500 3150.00 261.00 358.90 2304.00 0 0 0 0 2015/10/19 13:13:45.596
13:14:01.573 1
1215 2807860 34211A AEA1007 7627 -0.5883100 39.5353500 3150.00 261.00 358.90 2304.00 0 0 0 0 2015/10/19 13:13:45.596
13:14:02.576 1
1215 2807860 34211A AEA1007 7627 -0.5883100 39.5353500 3150.00 261.00 358.90 2304.00 0 0 0 0 2015/10/19 13:13:45.596
13:14:03.580 1
1215 2807860 34211A AEA1007 7627 -0.5883100 39.5353500 3150.00 261.00 358.90 2304.00 0 0 0 0 2015/10/19 13:13:45.596
13:14:04.580 1
1215 2807860 34211A AEA1007 7627 -0.5883100 39.5353500 3150.00 261.00 358.90 2304.00 0 0 0 0 2015/10/19 13:13:45.596
13:14:05.585 1
1215 2807860 34211A AEA1007 7627 -0.5883100 39.5353500 3150.00 261.00 358.90 2304.00 0 0 0 0 2015/10/19 13:13:45.596
13:14:06.590 1
1215 2807860 34211A AEA1007 7627 -0.5883100 39.5353500 3150.00 261.00 358.90 2304.00 0 0 0 0 2015/10/19 13:13:45.596
13:14:07.595 1
1215 2807860 34211A AEA1007 7627 -0.5883100 39.5353500 3150.00 261.00 358.90 2304.00 0 0 0 0 2015/10/19 13:13:45.596
13:14:08.596 1
1215 2807860 34211A AEA1007 7627 -0.5883100 39.5353500 3150.00 261.00 358.90 2304.00 0 0 0 0 2015/10/19 13:13:45.596
13:14:09.598 1
1215 2807860 34211A AEA1007 7627 -0.5883100 39.5353500 3150.00 261.00 358.90 2304.00 0 0 0 0 2015/10/19 13:13:45.596
13:14:10.601 1
1215 2807860 34211A AEA1007 7627 -0.5883100 39.5353500 3150.00 260.40 30.20 2944.00 0 0 0 0 2015/10/19 13:13:45.596
13:14:11.602 1
1215 2807860 34211A AEA1007 7627 -0.5841700 39.5638200 4200.00 254.30 33.10 2880.00 0 0 0 0 2015/10/19 13:14:10.581
13:14:12.604 1
1215 2807860 34211A AEA1007 7627 -0.5841700 39.5638200 4200.00 254.30 33.10 2880.00 0 0 0 0 2015/10/19 13:14:10.581
13:14:13.610 1
1215 2807860 34211A AEA1007 7627 -0.5823400 39.5657700 4275.00 254.30 33.10 2880.00 0 0 0 0 2015/10/19 13:14:12.613
13:14:14.605 1
1215 2807860 34211A AEA1007 7627 -0.5823400 39.5657700 4275.00 254.30 33.10 2880.00 0 0 0 0 2015/10/19 13:14:12.613
13:14:15.607 1
1215 2807860 34211A AEA1007 7627 -0.5823400 39.5657700 4275.00 254.30 33.10 2880.00 0 0 0 0 2015/10/19 13:14:12.613
13:14:16.613 1
1215 2807860 34211A AEA1007 7627 -0.5823400 39.5657700 4275.00 254.30 33.10 2880.00 0 0 0 0 2015/10/19 13:14:12.613
13:14:17.614 1
1215 2807860 34211A AEA1007 7627 -0.5823400 39.5657700 4275.00 254.30 33.10 2880.00 0 0 0 0 2015/10/19 13:14:12.613
13:14:18.615 1
1215 2807860 34211A AEA1007 7627 -0.5823400 39.5657700 4275.00 254.30 33.10 2880.00 0 0 0 0 2015/10/19 13:14:12.613
13:14:19.619 1
1215 2807860 34211A AEA1007 7627 -0.5823400 39.5657700 4275.00 254.30 33.10 2880.00 0 0 0 0 2015/10/19 13:14:12.613
13:14:20.622 1
1215 2807860 34211A AEA1007 7627 -0.5751300 39.5718200 4600.00 256.80 46.70 2752.00 0 0 0 0 2015/10/19 13:14:19.316
13:14:21.623 1
1215 2807860 34211A AEA1007 7627 -0.5732600 39.5732600 4675.00 256.80 46.70 2752.00 0 0 0 0 2015/10/19 13:14:20.941
13:14:22.628 1
1215 2807860 34211A AEA1007 7627 -0.5726900 39.5736800 4700.00 256.80 46.70 2752.00 0 0 0 0 2015/10/19 13:14:21.550
13:14:23.631 1
1215 2807860 34211A AEA1007 7627 -0.5726900 39.5736800 4700.00 256.80 46.70 2752.00 0 0 0 0 2015/10/19 13:14:21.550
13:14:24.630 1
1215 2807860 34211A AEA1007 7627 -0.5726900 39.5736800 4700.00 256.80 46.70 2752.00 0 0 0 0 2015/10/19 13:14:21.550
13:14:25.631 1
1215 2807860 34211A AEA1007 7627 -0.5726900 39.5736800 4700.00 256.80 46.70 2752.00 0 0 0 0 2015/10/19 13:14:21.550
13:14:26.632 1
1215 2807860 34211A AEA1007 7627 -0.5726900 39.5736800 4700.00 256.80 46.70 2752.00 0 0 0 0 2015/10/19 13:14:21.550
13:14:27.637 1
1215 2807860 34211A AEA1007 7627 -0.5673200 39.5778300 4900.00 259.60 46.10 2560.00 0 0 0 0 2015/10/19 13:14:26.426
13:14:28.641 1
1215 2807860 34211A AEA1007 7627 -0.5660900 39.5788000 4950.00 259.50 45.80 2560.00 0 0 0 0 2015/10/19 13:14:27.441
13:14:29.647 1
1215 2807860 34211A AEA1007 7627 -0.5648800 39.5797800 5000.00 260.20 45.60 2560.00 0 0 0 0 2015/10/19 13:14:28.660
13:14:30.647 1
1215 2807860 34211A AEA1007 7627 -0.5638900 39.5805400 5050.00 266.60 44.20 2560.00 0 0 0 0 2015/10/19 13:14:29.473
13:14:31.651 1
1215 2807860 34211A AEA1007 7627 -0.5626200 39.5815500 5100.00 266.60 44.20 2560.00 0 0 0 0 2015/10/19 13:14:30.488
13:14:32.652 1
1215 2807860 34211A AEA1007 7627 -0.5615200 39.5824400 5125.00 267.30 44.10 2560.00 0 0 0 0 2015/10/19 13:14:31.504
13:14:33.654 1
1215 2807860 34211A AEA1007 7627 -0.5615200 39.5824400 5125.00 267.30 44.10 2560.00 0 0 0 0 2015/10/19 13:14:31.504
13:14:34.654 1
1215 2807860 34211A AEA1007 7627 -0.5590800 39.5843900 5225.00 268.00 44.20 2688.00 0 0 0 0 2015/10/19 13:14:33.738
13:14:35.655 1
1215 2807860 34211A AEA1007 7627 -0.5577900 39.5853400 5275.00 269.40 44.20 2624.00 0 0 0 0 2015/10/19 13:14:34.754
13:14:36.661 1
1215 2807860 34211A AEA1007 7627 -0.5567200 39.5862600 5325.00 269.40 44.20 2688.00 0 0 0 0 2015/10/19 13:14:35.770
13:14:37.665 1
1215 2807860 34211A AEA1007 7627 -0.5567200 39.5862600 5325.00 269.40 44.20 2688.00 0 0 0 0 2015/10/19 13:14:35.770
13:14:38.669 1
1215 2807860 34211A AEA1007 7627 -0.5567200 39.5862600 5325.00 269.40 44.20 2688.00 0 0 0 0 2015/10/19 13:14:35.770
13:14:39.671 1
1215 2807860 34211A AEA1007 7627 -0.5567200 39.5862600 5325.00 269.40 44.20 2688.00 0 0 0 0 2015/10/19 13:14:35.770
13:14:40.676 1
1215 2807860 34211A AEA1007 7627 -0.5523100 39.5897500 5475.00 270.80 44.30 2560.00 0 0 0 0 2015/10/19 13:14:39.832
13:14:41.677 1
1215 2807860 34211A AEA1007 7627 -0.5511500 39.5906300 5525.00 271.50 44.40 2560.00 0 0 0 0 2015/10/19 13:14:40.645
13:14:42.679 1
1215 2807860 34211A AEA1007 7627 -0.5511500 39.5906300 5525.00 271.50 44.40 2560.00 0 0 0 0 2015/10/19 13:14:40.645
13:14:43.682 1
1215 2807860 34211A AEA1007 7627 -0.5511500 39.5906300 5525.00 271.50 44.40 2560.00 0 0 0 0 2015/10/19 13:14:40.645
13:14:44.685 1
1215 2807860 34211A AEA1007 7627 -0.5511500 39.5906300 5525.00 271.50 44.40 2560.00 0 0 0 0 2015/10/19 13:14:40.645
13:14:45.686 1
1215 2807860 34211A AEA1007 7627 -0.5511500 39.5906300 5525.00 271.50 44.40 2560.00 0 0 0 0 2015/10/19 13:14:40.645
13:14:46.690 1
1215 2807860 34211A AEA1007 7627 -0.5455000 39.5950500 5725.00 274.40 45.30 2432.00 0 0 0 0 2015/10/19 13:14:45.723
13:14:47.693 1
1215 2807860 34211A AEA1007 7627 -0.5443000 39.5959200 5775.00 274.40 45.90 2368.00 0 0 0 0 2015/10/19 13:14:46.535
13:14:48.693 1
1215 2807860 34211A AEA1007 7627 -0.5431100 39.5967400 5800.00 269.80 48.20 2432.00 0 0 0 0 2015/10/19 13:14:47.754
13:14:49.699 1
1215 2807860 34211A AEA1007 7627 -0.5418500 39.5976100 5850.00 270.20 49.40 2432.00 0 0 0 0 2015/10/19 13:14:48.770
13:14:50.701 1
1215 2807860 34211A AEA1007 7627 -0.5418500 39.5976100 5850.00 270.20 49.40 2432.00 0 0 0 0 2015/10/19 13:14:48.770
13:14:51.703 1
1215 2807860 34211A AEA1007 7627 -0.5391800 39.5992900 5925.00 272.80 53.00 2432.00 0 0 0 0 2015/10/19 13:14:50.801
13:14:52.707 1
1215 2807860 34211A AEA1007 7627 -0.5376000 39.6002700 5975.00 273.60 54.20 2432.00 0 0 0 0 2015/10/19 13:14:51.817
13:14:53.713 1
1215 2807860 34211A AEA1007 7627 -0.5363600 39.6009500 6025.00 278.40 53.90 2432.00 0 0 0 0 2015/10/19 13:14:52.832
13:14:54.713 1
1215 2807860 34211A AEA1007 7627 -0.5363600 39.6009500 6025.00 278.40 53.90 2432.00 0 0 0 0 2015/10/19 13:14:52.832
13:14:55.714 1
1215 2807860 34211A AEA1007 7627 -0.5363600 39.6009500 6025.00 278.40 53.90 2432.00 0 0 0 0 2015/10/19 13:14:52.832
13:14:56.719 1
1215 2807860 34211A AEA1007 7627 -0.5363600 39.6009500 6025.00 278.40 53.90 2432.00 0 0 0 0 2015/10/19 13:14:52.832
13:14:57.719 1
1215 2807860 34211A AEA1007 7627 -0.5309400 39.6037600 6175.00 281.40 58.50 2432.00 0 0 0 0 2015/10/19 13:14:56.692
13:14:58.722 1
1215 2807860 34211A AEA1007 7627 -0.5309400 39.6037600 6175.00 281.40 58.50 2432.00 0 0 0 0 2015/10/19 13:14:56.692
13:14:59.729 1
1215 2807860 34211A AEA1007 7627 -0.5309400 39.6037600 6175.00 281.40 58.50 2432.00 0 0 0 0 2015/10/19 13:14:56.692
13:15:00.730 1
1215 2807860 34211A AEA1007 7627 -0.5309400 39.6037600 6175.00 281.40 58.50 2432.00 0 0 0 0 2015/10/19 13:14:56.692
13:15:01.731 1
1215 2807860 34211A AEA1007 7627 -0.5309400 39.6037600 6175.00 281.40 58.50 2432.00 0 0 0 0 2015/10/19 13:14:56.692
13:15:02.734 1
1215 2807860 34211A AEA1007 7627 -0.5238600 39.6067800 6375.00 282.60 63.10 2688.00 0 0 0 0 2015/10/19 13:15:01.567
13:15:03.736 1
1215 2807860 34211A AEA1007 7627 -0.5223400 39.6073400 6425.00 280.10 65.50 2688.00 0 0 0 0 2015/10/19 13:15:02.583
13:15:04.740 1
1215 2807860 34211A AEA1007 7627 -0.5200000 39.6081400 6500.00 283.90 66.30 2816.00 0 0 0 0 2015/10/19 13:15:04.005
13:15:05.745 1
1215 2807860 34211A AEA1007 5556 -0.5184500 39.6086400 6525.00 280.80 68.90 2880.00 0 0 0 0 2015/10/19 13:15:05.020
13:15:06.745 1
1215 2807860 34211A AEA1007 5556 -0.5176400 39.6088800 6550.00 280.80 68.90 2880.00 0 0 0 0 2015/10/19 13:15:05.630
13:15:07.745 1
1215 2807860 34211A AEA1007 5556 -0.5176400 39.6088800 6550.00 280.80 68.90 2880.00 0 0 0 0 2015/10/19 13:15:05.630
13:15:08.750 1
1215 2807860 34211A AEA1007 5556 -0.5137900 39.6100000 6675.00 285.30 70.50 2880.00 0 0 0 0 2015/10/19 13:15:07.864
13:15:09.755 1
1215 2807860 34211A AEA1007 5556 -0.5123600 39.6103800 6725.00 282.20 73.10 2816.00 0 0 0 0 2015/10/19 13:15:08.880
13:15:10.757 1
1215 2807860 34211A AEA1007 5556 -0.5123600 39.6103800 6725.00 282.20 73.10 2816.00 0 0 0 0 2015/10/19 13:15:08.880
13:15:11.760 1
1215 2807860 34211A AEA1007 5556 -0.5123600 39.6103800 6725.00 282.20 73.10 2816.00 0 0 0 0 2015/10/19 13:15:08.880
13:15:12.760 1
1215 2807860 34211A AEA1007 5556 -0.5123600 39.6103800 6725.00 282.20 73.10 2816.00 0 0 0 0 2015/10/19 13:15:08.880
13:15:13.764 1
1215 2807860 34211A AEA1007 5556 -0.5123600 39.6103800 6725.00 282.20 73.10 2816.00 0 0 0 0 2015/10/19 13:15:08.880
13:15:14.767 1
1215 2807860 34211A AEA1007 5556 -0.5041800 39.6122100 6950.00 284.30 77.00 2880.00 0 0 0 0 2015/10/19 13:15:13.755
13:15:15.767 1
1215 2807860 34211A AEA1007 5556 -0.5026900 39.6125100 6975.00 286.70 75.90 2880.00 0 0 0 0 2015/10/19 13:15:14.771
13:15:16.769 1
1215 2807860 34211A AEA1007 5556 -0.5020100 39.6126500 7000.00 286.70 75.90 2880.00 0 0 0 0 2015/10/19 13:15:15.177
13:15:17.775 1
1215 2807860 34211A AEA1007 5556 -0.5020100 39.6126500 7000.00 286.70 75.90 2880.00 0 0 0 0 2015/10/19 13:15:15.177
13:15:18.778 1
1215 2807860 34211A AEA1007 5556 -0.5020100 39.6126500 7000.00 286.70 75.90 2880.00 0 0 0 0 2015/10/19 13:15:15.177
13:15:19.780 1
1215 2807860 34211A AEA1007 5556 -0.5020100 39.6126500 7000.00 286.70 75.90 2880.00 0 0 0 0 2015/10/19 13:15:15.177
13:15:20.781 1
1215 2807860 34211A AEA1007 5556 -0.5020100 39.6126500 7000.00 286.70 75.90 2880.00 0 0 0 0 2015/10/19 13:15:15.177
13:15:21.786 1
1215 2807860 34211A AEA1007 5556 -0.4926800 39.6145600 7275.00 285.70 76.60 3072.00 0 0 0 0 2015/10/19 13:15:20.864
13:15:22.789 1
1215 2807860 34211A AEA1007 5556 -0.4926800 39.6145600 7275.00 285.70 76.60 3072.00 0 0 0 0 2015/10/19 13:15:20.864
13:15:23.794 1
1215 2807860 34211A AEA1007 5556 -0.4895500 39.6151900 7375.00 285.70 76.60 3072.00 0 0 0 0 2015/10/19 13:15:22.693
13:15:24.795 1
1215 2807860 34211A AEA1007 5556 -0.4880400 39.6154900 7425.00 286.00 76.40 3072.00 0 0 0 0 2015/10/19 13:15:23.505
13:15:25.796 1
1215 2807860 34211A AEA1007 5556 -0.4880400 39.6154900 7425.00 286.00 76.40 3072.00 0 0 0 0 2015/10/19 13:15:23.505
13:15:26.796 1
1215 2807860 34211A AEA1007 5556 -0.4846800 39.6161900 7525.00 286.90 76.50 3072.00 0 0 0 0 2015/10/19 13:15:25.536
13:15:27.803 1
1215 2807860 34211A AEA1007 5556 -0.4846800 39.6161900 7525.00 286.90 76.50 3072.00 0 0 0 0 2015/10/19 13:15:25.536
13:15:28.804 1
1215 2807860 34211A AEA1007 5556 -0.4805300 39.6170700 7650.00 286.90 76.50 3136.00 0 0 0 0 2015/10/19 13:15:27.974
13:15:29.807 1
1215 2807860 34211A AEA1007 5556 -0.4790000 39.6174000 7700.00 286.90 76.50 3136.00 0 0 0 0 2015/10/19 13:15:28.990
13:15:30.811 1
1215 2807860 34211A AEA1007 5556 -0.4771900 39.6177500 7750.00 287.20 76.30 3200.00 0 0 0 0 2015/10/19 13:15:30.005
13:15:31.812 1
1215 2807860 34211A AEA1007 5556 -0.4756500 39.6181000 7800.00 287.20 76.30 3200.00 0 0 0 0 2015/10/19 13:15:31.021
13:15:32.815 1
1215 2807860 34211A AEA1007 5556 -0.4746700 39.6182800 7850.00 287.20 76.30 3200.00 0 0 0 0 2015/10/19 13:15:31.630
13:15:33.819 1
1215 2807860 34211A AEA1007 5556 -0.4731300 39.6186200 7875.00 287.20 76.30 3264.00 0 0 0 0 2015/10/19 13:15:32.443
13:15:34.821 1
1215 2807860 34211A AEA1007 5556 -0.4714600 39.6189400 7950.00 287.20 76.30 3328.00 0 0 0 0 2015/10/19 13:15:33.459
13:15:35.826 1
1215 2807860 34211A AEA1007 5556 -0.4689900 39.6194900 8025.00 287.20 76.30 3456.00 0 0 0 0 2015/10/19 13:15:34.880
13:15:36.830 1
1215 2807860 34211A AEA1007 5556 -0.4689900 39.6194900 8025.00 287.20 76.30 3456.00 0 0 0 0 2015/10/19 13:15:34.880
13:15:37.830 1
1215 2807860 34211A AEA1007 5556 -0.4656400 39.6201900 8150.00 287.20 76.30 3584.00 0 0 0 0 2015/10/19 13:15:36.912
13:15:38.833 1
1215 2807860 34211A AEA1007 5556 -0.4656400 39.6201900 8150.00 287.20 76.30 3584.00 0 0 0 0 2015/10/19 13:15:36.912
13:15:39.837 1
1215 2807860 34211A AEA1007 5556 -0.4626500 39.6208000 8250.00 287.20 76.30 3584.00 0 0 0 0 2015/10/19 13:15:38.740
13:15:40.839 1
1215 2807860 34211A AEA1007 5556 -0.4609400 39.6211700 8300.00 287.20 76.30 3520.00 0 0 0 0 2015/10/19 13:15:39.756
13:15:41.843 1
1215 2807860 34211A AEA1007 5556 -0.4609400 39.6211700 8300.00 287.20 76.30 3520.00 0 0 0 0 2015/10/19 13:15:39.756
13:15:42.844 1
1215 2807860 34211A AEA1007 5556 -0.4609400 39.6211700 8300.00 287.20 76.30 3520.00 0 0 0 0 2015/10/19 13:15:39.756
13:15:43.847 1
1215 2807860 34211A AEA1007 5556 -0.4609400 39.6211700 8300.00 287.20 76.30 3520.00 0 0 0 0 2015/10/19 13:15:39.756
13:15:44.848 1
1215 2807860 34211A AEA1007 5556 -0.4609400 39.6211700 8300.00 287.20 76.30 3520.00 0 0 0 0 2015/10/19 13:15:39.756
13:15:45.852 1
1215 2807860 34211A AEA1007 5556 -0.4527700 39.6228800 8575.00 287.40 76.10 3328.00 0 0 0 0 2015/10/19 13:15:44.631
13:15:46.862 1
1215 2807860 34211A AEA1007 5556 -0.4509300 39.6233100 8625.00 287.40 76.10 3264.00 0 0 0 0 2015/10/19 13:15:45.849
13:15:47.865 1
1215 2807860 34211A AEA1007 5556 -0.4509300 39.6233100 8625.00 287.40 76.10 3264.00 0 0 0 0 2015/10/19 13:15:45.849
13:15:48.862 1
1215 2807860 34211A AEA1007 5556 -0.4509300 39.6233100 8625.00 287.40 76.10 3264.00 0 0 0 0 2015/10/19 13:15:45.849
13:15:49.864 1
1215 2807860 34211A AEA1007 5556 -0.4509300 39.6233100 8625.00 287.40 76.10 3264.00 0 0 0 0 2015/10/19 13:15:45.849
13:15:50.863 1
1215 2807860 34211A AEA1007 5556 -0.4442700 39.6247100 8850.00 287.40 76.10 3328.00 0 0 0 0 2015/10/19 13:15:49.709
13:15:51.868 1
1215 2807860 34211A AEA1007 5556 -0.4425700 39.6250800 8900.00 288.40 76.20 3328.00 0 0 0 0 2015/10/19 13:15:50.725
13:15:52.871 1
1215 2807860 34211A AEA1007 5556 -0.4410700 39.6254000 8950.00 288.40 76.20 3328.00 0 0 0 0 2015/10/19 13:15:51.740
13:15:53.877 1
1215 2807860 34211A AEA1007 5556 -0.4392100 39.6257800 9000.00 288.40 76.20 3328.00 0 0 0 0 2015/10/19 13:15:52.756
13:15:54.882 1
1215 2807860 34211A AEA1007 5556 -0.4373600 39.6261700 9075.00 288.40 76.20 3328.00 0 0 0 0 2015/10/19 13:15:53.772
13:15:55.901 1
1215 2807860 34211A AEA1007 5556 -0.4373600 39.6261700 9075.00 288.40 76.20 3328.00 0 0 0 0 2015/10/19 13:15:53.772
13:15:56.888 1
1215 2807860 34211A AEA1007 5556 -0.4342000 39.6268500 9175.00 288.40 76.20 3328.00 0 0 0 0 2015/10/19 13:15:55.803
13:15:57.895 1
1215 2807860 34211A AEA1007 5556 -0.4323500 39.6272300 9225.00 288.60 76.00 3392.00 0 0 0 0 2015/10/19 13:15:56.819
13:15:58.900 1
1215 2807860 34211A AEA1007 5556 -0.4306800 39.6275900 9300.00 290.00 74.20 3392.00 0 0 0 0 2015/10/19 13:15:57.834
13:15:59.904 1
1215 2807860 34211A AEA1007 5556 -0.4306800 39.6275900 9300.00 290.00 74.20 3392.00 0 0 0 0 2015/10/19 13:15:57.834
13:16:00.908 1
1215 2807860 34211A AEA1007 5556 -0.4273300 39.6283700 9400.00 290.40 73.20 3392.00 0 0 0 0 2015/10/19 13:15:59.865
13:16:01.912 1
1215 2807860 34211A AEA1007 5556 -0.4273300 39.6283700 9400.00 290.40 73.20 3392.00 0 0 0 0 2015/10/19 13:15:59.865
13:16:02.917 1
1215 2807860 34211A AEA1007 5556 -0.4273300 39.6283700 9400.00 290.40 73.20 3392.00 0 0 0 0 2015/10/19 13:15:59.865
13:16:03.917 1
1215 2807860 34211A AEA1007 5556 -0.4273300 39.6283700 9400.00 290.40 73.20 3392.00 0 0 0 0 2015/10/19 13:15:59.865
13:16:04.920 1
1215 2807860 34211A AEA1007 5556 -0.4207600 39.6301100 9625.00 289.70 70.40 3136.00 0 0 0 0 2015/10/19 13:16:03.725
13:16:05.924 1
1215 2807860 34211A AEA1007 5556 -0.4193100 39.6305700 9650.00 293.60 67.40 3072.00 0 0 0 0 2015/10/19 13:16:04.741
13:16:06.926 1
1215 2807860 34211A AEA1007 5556 -0.4185000 39.6308400 9675.00 293.60 67.40 3072.00 0 0 0 0 2015/10/19 13:16:05.350
13:16:07.930 1
1215 2807860 34211A AEA1007 5556 -0.4185000 39.6308400 9675.00 293.60 67.40 3072.00 0 0 0 0 2015/10/19 13:16:05.350
13:16:08.935 1
1215 2807860 34211A AEA1007 5556 -0.4140800 39.6325400 9825.00 290.70 63.40 3328.00 0 0 0 0 2015/10/19 13:16:07.991
13:16:09.940 1
1215 2807860 34211A AEA1007 5556 -0.4140800 39.6325400 9825.00 290.70 63.40 3328.00 0 0 0 0 2015/10/19 13:16:07.991
13:16:10.945 1
1215 2807860 34211A AEA1007 5556 -0.4110300 39.6339100 9950.00 290.70 60.10 3456.00 0 0 0 0 2015/10/19 13:16:10.022
13:16:11.946 1
1215 2807860 34211A AEA1007 5556 -0.4104300 39.6341900 9975.00 290.70 60.10 3456.00 0 0 0 0 2015/10/19 13:16:10.428
13:16:12.947 1
1215 2807860 34211A AEA1007 5556 -0.4085100 39.6351800 10050.00 294.60 55.90 3584.00 0 0 0 0 2015/10/19 13:16:11.850
13:16:13.946 1
1215 2807860 34211A AEA1007 5556 -0.4069100 39.6360200 10100.00 290.10 55.80 3648.00 0 0 0 0 2015/10/19 13:16:12.866
13:16:14.948 1
1215 2807860 34211A AEA1007 5556 -0.4063200 39.6363400 10125.00 290.10 55.80 3648.00 0 0 0 0 2015/10/19 13:16:13.163
13:16:15.953 1
1215 2807860 34211A AEA1007 5556 -0.4046400 39.6373000 10200.00 295.00 53.10 3648.00 0 0 0 0 2015/10/19 13:16:14.491
13:16:16.954 1
1215 2807860 34211A AEA1007 5556 -0.4038100 39.6378500 10250.00 294.90 51.90 3648.00 0 0 0 0 2015/10/19 13:16:15.178
13:16:17.960 1
1215 2807860 34211A AEA1007 5556 -0.4016000 39.6392200 10325.00 290.70 52.00 3456.00 0 0 0 0 2015/10/19 13:16:16.725
13:16:18.976 1
1215 2807860 34211A AEA1007 5556 -0.4002800 39.6400900 10375.00 295.90 49.80 3200.00 0 0 0 0 2015/10/19 13:16:17.741
13:16:19.962 1
1215 2807860 34211A AEA1007 5556 -0.3989100 39.6410100 10425.00 296.20 48.80 2880.00 0 0 0 0 2015/10/19 13:16:18.757
13:16:20.965 1
1215 2807860 34211A AEA1007 5556 -0.3974600 39.6420200 10475.00 292.10 49.20 2624.00 0 0 0 0 2015/10/19 13:16:19.772
13:16:21.967 1
1215 2807860 34211A AEA1007 5556 -0.3958100 39.6433000 10525.00 299.80 45.80 2176.00 0 0 0 0 2015/10/19 13:16:20.991
13:16:22.969 1
1215 2807860 34211A AEA1007 5556 -0.3945500 39.6442600 10550.00 299.80 45.80 2176.00 0 0 0 0 2015/10/19 13:16:22.007
13:16:23.974 1
1215 2807860 34211A AEA1007 5556 -0.3939200 39.6447700 10575.00 301.20 44.70 1920.00 0 0 0 0 2015/10/19 13:16:22.616
13:16:24.975 1
1215 2807860 34211A AEA1007 5556 -0.3924000 39.6459800 10600.00 304.30 42.60 1408.00 0 0 0 0 2015/10/19 13:16:23.835
13:16:25.980 1
1215 2807860 34211A AEA1007 5556 -0.3910900 39.6471400 10625.00 306.00 41.60 1216.00 0 0 0 0 2015/10/19 13:16:24.850
13:16:26.981 1
1215 2807860 34211A AEA1007 5556 -0.3899000 39.6482400 10650.00 301.10 41.40 960.00 0 0 0 0 2015/10/19 13:16:25.866
13:16:27.983 1
1215 2807860 34211A AEA1007 5556 -0.3887000 39.6492900 10650.00 309.10 39.40 768.00 0 0 0 0 2015/10/19 13:16:26.882
13:16:28.986 1
1215 2807860 34211A AEA1007 5556 -0.3887000 39.6492900 10650.00 309.10 39.40 768.00 0 0 0 0 2015/10/19 13:16:26.882
13:16:29.991 1
1215 2807860 34211A AEA1007 5556 -0.3868500 39.6511200 10675.00 310.50 38.20 640.00 0 0 0 0 2015/10/19 13:16:28.507
13:16:30.993 1
1215 2807860 34211A AEA1007 5556 -0.3856200 39.6524000 10700.00 305.70 38.00 704.00 0 0 0 0 2015/10/19 13:16:29.522
13:16:31.996 1
1215 2807860 34211A AEA1007 5556 -0.3845200 39.6535700 10700.00 307.80 36.90 832.00 0 0 0 0 2015/10/19 13:16:30.538
13:16:33.002 1
1215 2807860 34211A AEA1007 5556 -0.3831800 39.6550100 10725.00 315.70 35.20 896.00 0 0 0 0 2015/10/19 13:16:31.757
13:16:34.008 1
1215 2807860 34211A AEA1007 5556 -0.3817700 39.6565700 10750.00 312.40 35.00 1088.00 0 0 0 0 2015/10/19 13:16:32.976
13:16:35.009 1
1215 2807860 34211A AEA1007 5556 -0.3817700 39.6565700 10750.00 312.40 35.00 1088.00 0 0 0 0 2015/10/19 13:16:32.976
13:16:36.015 1
1215 2807860 34211A AEA1007 5556 -0.3796300 39.6590400 10775.00 314.80 34.60 1152.00 0 0 0 0 2015/10/19 13:16:35.007
13:16:37.013 1
1215 2807860 34211A AEA1007 5556 -0.3786600 39.6601300 10800.00 315.40 34.80 1152.00 0 0 0 0 2015/10/19 13:16:36.023
13:16:38.017 1
1215 2807860 34211A AEA1007 5556 -0.3781300 39.6607400 10825.00 315.40 34.80 1152.00 0 0 0 0 2015/10/19 13:16:36.429
13:16:39.019 1
1215 2807860 34211A AEA1007 5556 -0.3781300 39.6607400 10825.00 315.40 34.80 1152.00 0 0 0 0 2015/10/19 13:16:36.429
13:16:40.022 1
1215 2807860 34211A AEA1007 5556 -0.3781300 39.6607400 10825.00 315.40 34.80 1152.00 0 0 0 0 2015/10/19 13:16:36.429
13:16:41.026 1
1215 2807860 34211A AEA1007 5556 -0.3748500 39.6644900 10875.00 327.00 34.00 1088.00 0 0 0 0 2015/10/19 13:16:39.476
13:16:42.031 1
1215 2807860 34211A AEA1007 5556 -0.3735400 39.6660000 10875.00 328.40 34.10 896.00 0 0 0 0 2015/10/19 13:16:40.695
13:16:43.036 1
1215 2807860 34211A AEA1007 5556 -0.3723100 39.6673900 10900.00 331.20 34.20 896.00 0 0 0 0 2015/10/19 13:16:41.710
13:16:44.041 1
1215 2807860 34211A AEA1007 5556 -0.3711500 39.6686500 10925.00 332.60 34.20 832.00 0 0 0 0 2015/10/19 13:16:42.929
13:16:45.043 1
1215 2807860 34211A AEA1007 5556 -0.3706100 39.6693000 10925.00 332.60 34.20 832.00 0 0 0 0 2015/10/19 13:16:43.179
13:16:46.047 1
1215 2807860 34211A AEA1007 5556 -0.3706100 39.6693000 10925.00 332.60 34.20 832.00 0 0 0 0 2015/10/19 13:16:43.179
13:16:47.050 1
1215 2807860 34211A AEA1007 5556 -0.3685800 39.6715900 10950.00 335.30 34.30 1024.00 0 0 0 0 2015/10/19 13:16:45.163
13:16:48.068 1
1215 2807860 34211A AEA1007 5556 -0.3685800 39.6715900 10950.00 331.00 35.00 1472.00 0 0 0 0 2015/10/19 13:16:45.163
13:16:49.055 1
1215 2807860 34211A AEA1007 5556 -0.3651800 39.6754800 11025.00 331.50 35.20 1600.00 0 0 0 0 2015/10/19 13:16:48.007
13:16:50.061 1
1215 2807860 34211A AEA1007 5556 -0.3651800 39.6754800 11025.00 331.50 35.20 1600.00 0 0 0 0 2015/10/19 13:16:48.007
13:16:51.062 1
1215 2807860 34211A AEA1007 5556 -0.3633300 39.6775400 11075.00 332.40 35.10 1600.00 0 0 0 0 2015/10/19 13:16:49.632
13:16:52.062 1
1215 2807860 34211A AEA1007 5556 -0.3633300 39.6775400 11075.00 332.40 35.10 1600.00 0 0 0 0 2015/10/19 13:16:49.632
13:16:53.068 1
1215 2807860 34211A AEA1007 5556 -0.3633300 39.6775400 11075.00 332.40 35.10 1600.00 0 0 0 0 2015/10/19 13:16:49.632
13:16:54.067 1
1215 2807860 34211A AEA1007 5556 -0.3603400 39.6809200 11150.00 334.90 35.40 1792.00 0 0 0 0 2015/10/19 13:16:52.164
13:16:55.072 1
1215 2807860 34211A AEA1007 5556 -0.3586700 39.6827500 11200.00 335.70 35.30 2048.00 0 0 0 0 2015/10/19 13:16:53.695
13:16:56.077 1
1215 2807860 34211A AEA1007 5556 -0.3576700 39.6839200 11225.00 336.30 35.40 2304.00 0 0 0 0 2015/10/19 13:16:54.507
13:16:57.097 1
1215 2807860 34211A AEA1007 5556 -0.3565100 39.6852200 11275.00 336.30 35.40 2560.00 0 0 0 0 2015/10/19 13:16:55.523
13:16:58.084 1
1215 2807860 34211A AEA1007 5556 -0.3548600 39.6870400 11325.00 337.10 35.30 2944.00 0 0 0 0 2015/10/19 13:16:56.945
13:16:59.085 1
1215 2807860 34211A AEA1007 5556 -0.3548600 39.6870400 11325.00 337.10 35.30 2944.00 0 0 0 0 2015/10/19 13:16:56.945
13:17:00.088 1
1215 2807860 34211A AEA1007 5556 -0.3529700 39.6891300 11400.00 336.50 35.20 3008.00 0 0 0 0 2015/10/19 13:16:58.570
13:17:01.089 1
1215 2807860 34211A AEA1007 5556 -0.3512600 39.6911300 11475.00 337.10 35.30 3136.00 0 0 0 0 2015/10/19 13:16:59.992
13:17:02.094 1
1215 2807860 34211A AEA1007 5556 -0.3502200 39.6923000 11525.00 337.10 35.30 3072.00 0 0 0 0 2015/10/19 13:17:01.008
13:17:03.096 1
1215 2807860 34211A AEA1007 5556 -0.3490000 39.6936000 11575.00 337.10 35.30 2944.00 0 0 0 0 2015/10/19 13:17:02.023
13:17:04.101 1
1215 2807860 34211A AEA1007 5556 -0.3479800 39.6947900 11625.00 337.10 35.30 2880.00 0 0 0 0 2015/10/19 13:17:02.836
13:17:05.104 1
1215 2807860 34211A AEA1007 5556 -0.3479800 39.6947900 11625.00 337.10 35.30 2880.00 0 0 0 0 2015/10/19 13:17:02.836
13:17:06.105 1
1215 2807860 34211A AEA1007 5556 -0.3458900 39.6971700 11700.00 337.90 35.20 2752.00 0 0 0 0 2015/10/19 13:17:04.664
13:17:07.106 1
1215 2807860 34211A AEA1007 5556 -0.3447000 39.6984600 11750.00 337.90 35.20 2624.00 0 0 0 0 2015/10/19 13:17:05.680
13:17:08.107 1
1215 2807860 34211A AEA1007 5556 -0.3432600 39.7000600 11800.00 339.30 35.30 2560.00 0 0 0 0 2015/10/19 13:17:06.898
13:17:09.133 1
1215 2807860 34211A AEA1007 5556 -0.3422200 39.7012400 11825.00 339.30 35.30 2496.00 0 0 0 0 2015/10/19 13:17:07.711
13:17:10.118 1
1215 2807860 34211A AEA1007 5556 -0.3422200 39.7012400 11825.00 339.30 35.30 2496.00 0 0 0 0 2015/10/19 13:17:07.711
13:17:11.121 1
1215 2807860 34211A AEA1007 5556 -0.3398400 39.7038900 11925.00 340.70 35.30 2432.00 0 0 0 0 2015/10/19 13:17:09.742
13:17:12.126 1
1215 2807860 34211A AEA1007 5556 -0.3387800 39.7050900 11950.00 340.70 35.30 2432.00 0 0 0 0 2015/10/19 13:17:10.758
13:17:13.129 1
1215 2807860 34211A AEA1007 5556 -0.3376500 39.7064200 12000.00 341.30 35.50 2496.00 0 0 0 0 2015/10/19 13:17:11.570
13:17:14.134 1
1215 2807860 34211A AEA1007 5556 -0.3376500 39.7064200 12000.00 341.30 35.50 2496.00 0 0 0 0 2015/10/19 13:17:11.570
13:17:15.135 1
1215 2807860 34211A AEA1007 5556 -0.3350200 39.7093000 12100.00 348.70 34.60 2688.00 0 0 0 0 2015/10/19 13:17:13.805
13:17:16.141 1
1215 2807860 34211A AEA1007 5556 -0.3350200 39.7093000 12100.00 348.70 34.60 2688.00 0 0 0 0 2015/10/19 13:17:13.805
13:17:17.143 1
1215 2807860 34211A AEA1007 5556 -0.3326300 39.7119600 12175.00 349.20 34.70 2880.00 0 0 0 0 2015/10/19 13:17:15.836
13:17:18.148 1
1215 2807860 34211A AEA1007 5556 -0.3326300 39.7119600 12175.00 349.20 34.70 2880.00 0 0 0 0 2015/10/19 13:17:15.836
13:17:19.152 1
1215 2807860 34211A AEA1007 5556 -0.3306300 39.7142300 12250.00 350.10 34.60 2880.00 0 0 0 0 2015/10/19 13:17:17.461
13:17:20.156 1
1215 2807860 34211A AEA1007 5556 -0.3292900 39.7157100 12325.00 350.60 34.80 2880.00 0 0 0 0 2015/10/19 13:17:18.680
13:17:21.159 1
1215 2807860 34211A AEA1007 5556 -0.3292900 39.7157100 12325.00 350.60 34.80 2880.00 0 0 0 0 2015/10/19 13:17:18.680
13:17:22.163 1
1215 2807860 34211A AEA1007 5556 -0.3292900 39.7157100 12325.00 350.60 34.80 2880.00 0 0 0 0 2015/10/19 13:17:18.680
13:17:23.163 1
1215 2807860 34211A AEA1007 5556 -0.3253200 39.7200900 12475.00 352.00 34.80 2816.00 0 0 0 0 2015/10/19 13:17:21.930
13:17:24.168 1
1215 2807860 34211A AEA1007 5556 -0.3241000 39.7214400 12500.00 352.00 34.80 2880.00 0 0 0 0 2015/10/19 13:17:22.946
13:17:25.170 1
1215 2807860 34211A AEA1007 5556 -0.3241000 39.7214400 12500.00 352.00 34.80 2880.00 0 0 0 0 2015/10/19 13:17:22.946
13:17:26.191 1
1215 2807860 34211A AEA1007 5556 -0.3218300 39.7240000 12600.00 352.60 35.00 3136.00 0 0 0 0 2015/10/19 13:17:24.977
13:17:27.179 1
1215 2807860 34211A AEA1007 5556 -0.3207400 39.7252100 12650.00 352.60 35.00 3264.00 0 0 0 0 2015/10/19 13:17:25.790
