30-Sep-2016
12:36:04.114 1
8786 3477972 4CA7A7 RYR76ZH 4605 -3.5717800 39.6783800 36000.00 403.10 358.90 0.00 0 0 0 0 2016/09/30 12:23:07.204
12:36:05.114 1
8786 3477972 4CA7A7 RYR76ZH 4605 -3.5717800 39.6783800 36000.00 403.10 358.90 0.00 0 0 0 0 2016/09/30 12:23:07.204
12:36:06.114 1
8786 3477972 4CA7A7 RYR76ZH 4605 -3.5717800 39.6783800 36000.00 403.10 358.90 0.00 0 0 0 0 2016/09/30 12:23:07.204
12:36:07.119 1
8786 3477972 4CA7A7 RYR76ZH 4605 -3.5717800 39.6783800 36000.00 403.10 358.90 0.00 0 0 0 0 2016/09/30 12:23:07.204
12:36:08.124 1
8786 3477972 4CA7A7 RYR76ZH 4605 -3.5717800 39.6783800 36000.00 403.10 358.90 0.00 0 0 0 0 2016/09/30 12:23:07.204
12:36:09.129 1
8786 3477972 4CA7A7 RYR76ZH 4605 -3.5717800 39.6783800 36000.00 403.10 358.90 0.00 0 0 0 0 2016/09/30 12:23:07.204
12:36:10.132 1
8786 3477972 4CA7A7 RYR76ZH 4605 -3.5717800 39.6783800 36000.00 403.10 358.90 0.00 0 0 0 0 2016/09/30 12:23:07.204
12:36:11.133 1
8786 3477972 4CA7A7 RYR76ZH 4605 -3.5717800 39.6783800 36000.00 403.10 358.90 0.00 0 0 0 0 2016/09/30 12:23:07.204
12:36:12.134 1
8786 3477972 4CA7A7 RYR76ZH 4605 -3.5717800 39.6783800 36000.00 403.10 358.90 0.00 0 0 0 0 2016/09/30 12:23:07.204
12:36:13.134 1
8786 3477972 4CA7A7 RYR76ZH 4605 -3.5717800 39.6783800 36000.00 403.10 358.90 0.00 0 0 0 0 2016/09/30 12:23:07.204
12:36:14.139 1
8786 3477972 4CA7A7 RYR76ZH 4605 -3.5717800 39.6783800 36000.00 403.10 358.90 0.00 0 0 0 0 2016/09/30 12:23:07.204
12:36:15.144 1
8786 3477972 4CA7A7 RYR76ZH 4605 -3.5717800 39.6783800 36000.00 403.10 358.90 0.00 0 0 0 0 2016/09/30 12:23:07.204
12:36:16.150 1
8786 3477972 4CA7A7 RYR76ZH 4605 -3.5717800 39.6783800 36000.00 403.10 358.90 0.00 0 0 0 0 2016/09/30 12:23:07.204
12:36:17.154 1
8786 3477972 4CA7A7 RYR76ZH 4605 -3.5717800 39.6783800 36000.00 403.10 358.90 0.00 0 0 0 0 2016/09/30 12:23:07.204
12:36:18.155 1
8786 3477972 4CA7A7 RYR76ZH 4605 -3.5717800 39.6783800 36000.00 403.10 358.90 0.00 0 0 0 0 2016/09/30 12:23:07.204
12:36:19.159 1
8786 3477972 4CA7A7 RYR76ZH 4605 -3.5717800 39.6783800 36000.00 403.10 358.90 0.00 0 0 0 0 2016/09/30 12:23:07.204
12:36:20.160 1
8786 3477972 4CA7A7 RYR76ZH 4605 -3.5717800 39.6783800 36000.00 403.10 358.90 0.00 0 0 0 0 2016/09/30 12:23:07.204
12:36:21.161 1
8786 3477972 4CA7A7 RYR76ZH 4605 -3.5717800 39.6783800 36000.00 403.10 358.90 0.00 0 0 0 0 2016/09/30 12:23:07.204
12:36:22.161 1
8786 3477972 4CA7A7 RYR76ZH 4605 -3.5717800 39.6783800 36000.00 403.10 358.90 0.00 0 0 0 0 2016/09/30 12:23:07.204
