05-Jan-2017
04:07:31.292 1
24116 3665812 4CA92E IBK6775 6063 -1.3648100 39.8679000 31975.00 436.80 109.80 0.00 0 0 0 0 2017/01/05 16:01:42.883
04:07:32.293 1
24116 3665812 4CA92E IBK6775 6063 -1.3648100 39.8679000 31975.00 436.80 109.80 0.00 0 0 0 0 2017/01/05 16:01:42.883
04:07:33.297 1
24116 3665812 4CA92E IBK6775 6063 -1.3648100 39.8679000 31975.00 436.80 109.80 0.00 0 0 0 0 2017/01/05 16:01:42.883
04:07:34.298 1
24116 3665812 4CA92E IBK6775 6063 -1.3648100 39.8679000 31975.00 436.80 109.80 0.00 0 0 0 0 2017/01/05 16:01:42.883
04:07:35.299 1
24116 3665812 4CA92E IBK6775 6063 -1.3534500 39.8645900 31975.00 436.50 109.70 0.00 0 0 0 0 2017/01/05 16:01:42.883
04:07:36.299 1
24116 3665812 4CA92E IBK6775 6063 -1.3534500 39.8645900 31975.00 436.50 109.70 0.00 0 0 0 0 2017/01/05 16:01:42.883
04:07:37.299 1
24116 3665812 4CA92E IBK6775 6063 -1.3534500 39.8645900 31975.00 436.50 109.70 0.00 0 0 0 0 2017/01/05 16:01:42.883
04:07:38.301 1
24116 3665812 4CA92E IBK6775 6063 -1.3534500 39.8645900 31975.00 436.50 109.70 0.00 0 0 0 0 2017/01/05 16:01:42.883
04:07:39.301 1
24116 3665812 4CA92E IBK6775 6063 -1.3442700 39.8619200 32000.00 436.20 109.60 0.00 0 0 0 0 2017/01/05 16:01:42.883
04:07:40.303 1
24116 3665812 4CA92E IBK6775 6063 -1.3442700 39.8619200 32000.00 436.20 109.60 0.00 0 0 0 0 2017/01/05 16:01:42.883
04:07:41.303 1
24116 3665812 4CA92E IBK6775 6063 -1.3442700 39.8619200 32000.00 436.20 109.60 0.00 0 0 0 0 2017/01/05 16:01:42.883
04:07:42.303 1
24116 3665812 4CA92E IBK6775 6063 -1.3442700 39.8619200 32000.00 436.20 109.60 0.00 0 0 0 0 2017/01/05 16:01:42.883
04:07:43.304 1
24116 3665812 4CA92E IBK6775 6063 -1.3442700 39.8619200 32000.00 436.20 109.60 0.00 0 0 0 0 2017/01/05 16:01:42.883
04:07:44.305 1
24116 3665812 4CA92E IBK6775 6063 -1.3442700 39.8619200 32000.00 436.20 109.60 0.00 0 0 0 0 2017/01/05 16:01:42.883
04:07:45.307 1
24116 3665812 4CA92E IBK6775 6063 -1.3442700 39.8619200 32000.00 436.20 109.60 0.00 0 0 0 0 2017/01/05 16:01:42.883
04:07:46.307 1
24116 3665812 4CA92E IBK6775 6063 -1.3442700 39.8619200 32000.00 436.20 109.60 0.00 0 0 0 0 2017/01/05 16:01:42.883
04:07:47.308 1
24116 3665812 4CA92E IBK6775 6063 -1.3442700 39.8619200 32000.00 436.20 109.60 0.00 0 0 0 0 2017/01/05 16:01:42.883
04:07:48.308 1
24116 3665812 4CA92E IBK6775 6063 -1.3442700 39.8619200 32000.00 436.20 109.60 0.00 0 0 0 0 2017/01/05 16:01:42.883
04:07:49.309 1
24116 3665812 4CA92E IBK6775 6063 -1.3203700 39.8550500 32000.00 435.80 109.40 0.00 0 0 0 0 2017/01/05 16:01:42.883
04:07:50.309 1
24116 3665812 4CA92E IBK6775 6063 -1.3203700 39.8550500 32000.00 435.80 109.40 0.00 0 0 0 0 2017/01/05 16:01:42.883
04:07:51.310 1
24116 3665812 4CA92E IBK6775 6063 -1.3203700 39.8550500 32000.00 435.80 109.40 0.00 0 0 0 0 2017/01/05 16:01:42.883
04:07:52.310 1
24116 3665812 4CA92E IBK6775 6063 -1.3203700 39.8550500 32000.00 435.80 109.40 0.00 0 0 0 0 2017/01/05 16:01:42.883
04:07:53.310 1
24116 3665812 4CA92E IBK6775 6063 -1.3095700 39.8519300 32000.00 434.90 109.50 0.00 0 0 0 0 2017/01/05 16:01:42.883
04:07:54.315 1
24116 3665812 4CA92E IBK6775 6063 -1.3095700 39.8519300 32000.00 434.90 109.50 0.00 0 0 0 0 2017/01/05 16:01:42.883
04:07:55.315 1
24116 3665812 4CA92E IBK6775 6063 -1.3095700 39.8519300 32000.00 434.90 109.50 0.00 0 0 0 0 2017/01/05 16:01:42.883
04:07:56.316 1
24116 3665812 4CA92E IBK6775 6063 -1.3095700 39.8519300 32000.00 434.90 109.50 0.00 0 0 0 0 2017/01/05 16:01:42.883
04:07:57.317 1
24116 3665812 4CA92E IBK6775 6063 -1.3095700 39.8519300 32000.00 434.90 109.50 0.00 0 0 0 0 2017/01/05 16:01:42.883
04:07:58.317 1
24116 3665812 4CA92E IBK6775 6063 -1.3095700 39.8519300 32000.00 434.90 109.50 0.00 0 0 0 0 2017/01/05 16:01:42.883
04:07:59.318 1
24116 3665812 4CA92E IBK6775 6063 -1.3095700 39.8519300 32000.00 434.90 109.50 0.00 0 0 0 0 2017/01/05 16:01:42.883
04:08:00.319 1
24116 3665812 4CA92E IBK6775 6063 -1.3095700 39.8519300 32000.00 434.90 109.50 0.00 0 0 0 0 2017/01/05 16:01:42.883
04:08:01.319 1
24116 3665812 4CA92E IBK6775 6063 -1.3095700 39.8519300 32000.00 434.90 109.50 0.00 0 0 0 0 2017/01/05 16:01:42.883
04:08:02.319 1
24116 3665812 4CA92E IBK6775 6063 -1.3095700 39.8519300 32000.00 434.90 109.50 0.00 0 0 0 0 2017/01/05 16:01:42.883
04:08:03.320 1
24116 3665812 4CA92E IBK6775 6063 -1.3095700 39.8519300 32000.00 434.90 109.50 0.00 0 0 0 0 2017/01/05 16:01:42.883
04:08:04.320 1
24116 3665812 4CA92E IBK6775 6063 -1.3095700 39.8519300 32000.00 434.90 109.50 0.00 0 0 0 0 2017/01/05 16:01:42.883
04:08:05.322 1
24116 3665812 4CA92E IBK6775 6063 -1.3095700 39.8519300 32000.00 434.90 109.50 0.00 0 0 0 0 2017/01/05 16:01:42.883
04:08:06.322 1
24116 3665812 4CA92E IBK6775 6063 -1.3095700 39.8519300 32000.00 434.90 109.50 0.00 0 0 0 0 2017/01/05 16:01:42.883
04:08:07.322 1
24116 3665812 4CA92E IBK6775 6063 -1.3095700 39.8519300 32000.00 434.90 109.50 0.00 0 0 0 0 2017/01/05 16:01:42.883
04:08:08.322 1
24116 3665812 4CA92E IBK6775 6063 -1.3095700 39.8519300 32000.00 434.90 109.50 0.00 0 0 0 0 2017/01/05 16:01:42.883
04:08:09.323 1
24116 3665812 4CA92E IBK6775 6063 -1.3095700 39.8519300 32000.00 434.90 109.50 0.00 0 0 0 0 2017/01/05 16:01:42.883
04:08:10.324 1
24116 3665812 4CA92E IBK6775 6063 -1.3095700 39.8519300 32000.00 434.90 109.50 0.00 0 0 0 0 2017/01/05 16:01:42.883
04:08:11.324 1
24116 3665812 4CA92E IBK6775 6063 -1.2696500 39.8404300 31975.00 435.20 109.60 0.00 0 0 0 0 2017/01/05 16:01:42.883
04:08:12.325 1
24116 3665812 4CA92E IBK6775 6063 -1.2696500 39.8404300 31975.00 435.20 109.60 0.00 0 0 0 0 2017/01/05 16:01:42.883
04:08:13.326 1
24116 3665812 4CA92E IBK6775 6063 -1.2696500 39.8404300 31975.00 435.20 109.60 0.00 0 0 0 0 2017/01/05 16:01:42.883
04:08:14.327 1
24116 3665812 4CA92E IBK6775 6063 -1.2608000 39.8378700 31975.00 435.20 109.60 0.00 0 0 0 0 2017/01/05 16:01:42.883
04:08:15.327 1
24116 3665812 4CA92E IBK6775 6063 -1.2608000 39.8378700 31975.00 435.20 109.60 0.00 0 0 0 0 2017/01/05 16:01:42.883
04:08:16.328 1
24116 3665812 4CA92E IBK6775 6063 -1.2608000 39.8378700 31975.00 435.20 109.60 0.00 0 0 0 0 2017/01/05 16:01:42.883
04:08:17.329 1
24116 3665812 4CA92E IBK6775 6063 -1.2608000 39.8378700 31975.00 435.20 109.60 0.00 0 0 0 0 2017/01/05 16:01:42.883
04:08:18.330 1
24116 3665812 4CA92E IBK6775 6063 -1.2608000 39.8378700 31975.00 435.20 109.60 0.00 0 0 0 0 2017/01/05 16:01:42.883
04:08:19.330 1
24116 3665812 4CA92E IBK6775 6063 -1.2608000 39.8378700 31975.00 435.20 109.60 0.00 0 0 0 0 2017/01/05 16:01:42.883
04:08:20.330 1
24116 3665812 4CA92E IBK6775 6063 -1.2428300 39.8326700 32000.00 435.20 109.60 64.00 0 0 0 0 2017/01/05 16:01:42.883
04:08:21.332 1
24116 3665812 4CA92E IBK6775 6063 -1.2428300 39.8326700 32000.00 435.20 109.60 64.00 0 0 0 0 2017/01/05 16:01:42.883
04:08:22.333 1
24116 3665812 4CA92E IBK6775 6063 -1.2428300 39.8326700 32000.00 435.20 109.60 64.00 0 0 0 0 2017/01/05 16:01:42.883
04:08:23.334 1
24116 3665812 4CA92E IBK6775 6063 -1.2428300 39.8326700 32000.00 435.20 109.60 64.00 0 0 0 0 2017/01/05 16:01:42.883
04:08:24.334 1
24116 3665812 4CA92E IBK6775 6063 -1.2330400 39.8298300 32000.00 434.30 109.60 0.00 0 0 0 0 2017/01/05 16:01:42.883
04:08:25.335 1
24116 3665812 4CA92E IBK6775 6063 -1.2330400 39.8298300 32000.00 434.30 109.60 0.00 0 0 0 0 2017/01/05 16:01:42.883
04:08:26.335 1
24116 3665812 4CA92E IBK6775 6063 -1.2330400 39.8298300 32000.00 434.30 109.60 0.00 0 0 0 0 2017/01/05 16:01:42.883
04:08:27.338 1
24116 3665812 4CA92E IBK6775 6063 -1.2330400 39.8298300 32000.00 434.30 109.60 0.00 0 0 0 0 2017/01/05 16:01:42.883
04:08:28.339 1
24116 3665812 4CA92E IBK6775 6063 -1.2231800 39.8269500 31975.00 434.30 109.60 -64.00 0 0 0 0 2017/01/05 16:01:42.883
04:08:29.339 1
24116 3665812 4CA92E IBK6775 6063 -1.2231800 39.8269500 31975.00 434.30 109.60 -64.00 0 0 0 0 2017/01/05 16:01:42.883
04:08:30.340 1
24116 3665812 4CA92E IBK6775 6063 -1.2231800 39.8269500 31975.00 434.30 109.60 -64.00 0 0 0 0 2017/01/05 16:01:42.883
04:08:31.341 1
24116 3665812 4CA92E IBK6775 6063 -1.2231800 39.8269500 31975.00 434.30 109.60 -64.00 0 0 0 0 2017/01/05 16:01:42.883
04:08:32.343 1
24116 3665812 4CA92E IBK6775 6063 -1.2131300 39.8240400 32000.00 434.30 109.60 0.00 0 0 0 0 2017/01/05 16:01:42.883
04:08:33.343 1
24116 3665812 4CA92E IBK6775 6063 -1.2131300 39.8240400 32000.00 434.30 109.60 0.00 0 0 0 0 2017/01/05 16:01:42.883
04:08:34.345 1
24116 3665812 4CA92E IBK6775 6063 -1.2131300 39.8240400 32000.00 434.30 109.60 0.00 0 0 0 0 2017/01/05 16:01:42.883
04:08:35.346 1
24116 3665812 4CA92E IBK6775 6063 -1.2131300 39.8240400 32000.00 434.30 109.60 0.00 0 0 0 0 2017/01/05 16:01:42.883
04:08:36.346 1
24116 3665812 4CA92E IBK6775 6063 -1.2030600 39.8211400 32000.00 434.30 109.60 0.00 0 0 0 0 2017/01/05 16:01:42.883
04:08:37.347 1
24116 3665812 4CA92E IBK6775 6063 -1.2030600 39.8211400 32000.00 433.90 109.50 0.00 0 0 0 0 2017/01/05 16:01:42.883
04:08:38.348 1
24116 3665812 4CA92E IBK6775 6063 -1.2030600 39.8211400 32000.00 433.90 109.50 0.00 0 0 0 0 2017/01/05 16:01:42.883
04:08:39.350 1
24116 3665812 4CA92E IBK6775 6063 -1.2030600 39.8211400 32000.00 433.90 109.50 0.00 0 0 0 0 2017/01/05 16:01:42.883
04:08:40.350 1
24116 3665812 4CA92E IBK6775 6063 -1.2030600 39.8211400 32000.00 433.90 109.50 0.00 0 0 0 0 2017/01/05 16:01:42.883
04:08:41.351 1
24116 3665812 4CA92E IBK6775 6063 -1.1932700 39.8183000 31975.00 433.90 109.50 0.00 0 0 0 0 2017/01/05 16:01:42.883
04:08:42.352 1
24116 3665812 4CA92E IBK6775 6063 -1.1932700 39.8183000 31975.00 433.90 109.50 0.00 0 0 0 0 2017/01/05 16:01:42.883
04:08:43.353 1
24116 3665812 4CA92E IBK6775 6063 -1.1932700 39.8183000 31975.00 433.90 109.50 0.00 0 0 0 0 2017/01/05 16:01:42.883
04:08:44.353 1
24116 3665812 4CA92E IBK6775 6063 -1.1932700 39.8183000 31975.00 433.90 109.50 0.00 0 0 0 0 2017/01/05 16:01:42.883
04:08:45.354 1
24116 3665812 4CA92E IBK6775 6063 -1.1842000 39.8157100 32000.00 433.90 109.50 0.00 0 0 0 0 2017/01/05 16:01:42.883
04:08:46.354 1
24116 3665812 4CA92E IBK6775 6063 -1.1842000 39.8157100 32000.00 433.90 109.50 0.00 0 0 0 0 2017/01/05 16:01:42.883
04:08:47.355 1
24116 3665812 4CA92E IBK6775 6063 -1.1842000 39.8157100 32000.00 433.90 109.50 0.00 0 0 0 0 2017/01/05 16:01:42.883
04:08:48.355 1
24116 3665812 4CA92E IBK6775 6063 -1.1842000 39.8157100 32000.00 433.90 109.50 0.00 0 0 0 0 2017/01/05 16:01:42.883
04:08:49.356 1
24116 3665812 4CA92E IBK6775 6063 -1.1842000 39.8157100 32000.00 433.90 109.50 0.00 0 0 0 0 2017/01/05 16:01:42.883
04:08:50.356 1
24116 3665812 4CA92E IBK6775 6063 -1.1699800 39.8115700 31975.00 433.30 109.70 0.00 0 0 0 0 2017/01/05 16:01:42.883
04:08:51.357 1
24116 3665812 4CA92E IBK6775 6063 -1.1699800 39.8115700 31975.00 433.30 109.70 0.00 0 0 0 0 2017/01/05 16:01:42.883
04:08:52.357 1
24116 3665812 4CA92E IBK6775 6063 -1.1699800 39.8115700 31975.00 433.30 109.70 0.00 0 0 0 0 2017/01/05 16:01:42.883
04:08:53.358 1
24116 3665812 4CA92E IBK6775 6063 -1.1699800 39.8115700 31975.00 433.30 109.70 0.00 0 0 0 0 2017/01/05 16:01:42.883
04:08:54.359 1
24116 3665812 4CA92E IBK6775 6063 -1.1572900 39.8078400 31975.00 432.70 109.90 0.00 0 0 0 0 2017/01/05 16:01:42.883
04:08:55.360 1
24116 3665812 4CA92E IBK6775 6063 -1.1572900 39.8078400 31975.00 432.70 109.90 0.00 0 0 0 0 2017/01/05 16:01:42.883
04:08:56.360 1
24116 3665812 4CA92E IBK6775 6063 -1.1572900 39.8078400 31975.00 432.70 109.90 0.00 0 0 0 0 2017/01/05 16:01:42.883
04:08:57.360 1
24116 3665812 4CA92E IBK6775 6063 -1.1572900 39.8078400 31975.00 432.70 109.90 0.00 0 0 0 0 2017/01/05 16:01:42.883
04:08:58.362 1
24116 3665812 4CA92E IBK6775 6063 -1.1572900 39.8078400 31975.00 432.70 109.90 0.00 0 0 0 0 2017/01/05 16:01:42.883
04:08:59.362 1
24116 3665812 4CA92E IBK6775 6063 -1.1473000 39.8049300 31975.00 432.40 109.70 0.00 0 0 0 0 2017/01/05 16:01:42.883
04:09:00.362 1
24116 3665812 4CA92E IBK6775 6063 -1.1473000 39.8049300 31975.00 432.40 109.70 0.00 0 0 0 0 2017/01/05 16:01:42.883
04:09:01.363 1
24116 3665812 4CA92E IBK6775 6063 -1.1473000 39.8049300 31975.00 432.40 109.70 0.00 0 0 0 0 2017/01/05 16:01:42.883
04:09:02.363 1
24116 3665812 4CA92E IBK6775 6063 -1.1372700 39.8020200 31975.00 432.40 109.70 0.00 0 0 0 0 2017/01/05 16:01:42.883
04:09:03.365 1
24116 3665812 4CA92E IBK6775 6063 -1.1372700 39.8020200 31975.00 432.40 109.70 0.00 0 0 0 0 2017/01/05 16:01:42.883
04:09:04.367 1
24116 3665812 4CA92E IBK6775 6063 -1.1372700 39.8020200 31975.00 432.40 109.70 0.00 0 0 0 0 2017/01/05 16:01:42.883
04:09:05.367 1
24116 3665812 4CA92E IBK6775 6063 -1.1372700 39.8020200 31975.00 432.40 109.70 0.00 0 0 0 0 2017/01/05 16:01:42.883
04:09:06.368 1
24116 3665812 4CA92E IBK6775 6063 -1.1272300 39.7990700 32000.00 432.40 109.70 0.00 0 0 0 0 2017/01/05 16:01:42.883
04:09:07.369 1
24116 3665812 4CA92E IBK6775 6063 -1.1272300 39.7990700 32000.00 432.40 109.70 0.00 0 0 0 0 2017/01/05 16:01:42.883
04:09:08.369 1
24116 3665812 4CA92E IBK6775 6063 -1.1272300 39.7990700 32000.00 432.40 109.70 0.00 0 0 0 0 2017/01/05 16:01:42.883
04:09:09.369 1
24116 3665812 4CA92E IBK6775 6063 -1.1272300 39.7990700 32000.00 432.40 109.70 0.00 0 0 0 0 2017/01/05 16:01:42.883
04:09:10.369 1
24116 3665812 4CA92E IBK6775 6063 -1.1177400 39.7963400 31975.00 432.40 109.70 0.00 0 0 0 0 2017/01/05 16:01:42.883
04:09:11.370 1
24116 3665812 4CA92E IBK6775 6063 -1.1177400 39.7963400 31975.00 432.40 109.70 0.00 0 0 0 0 2017/01/05 16:01:42.883
04:09:12.371 1
24116 3665812 4CA92E IBK6775 6063 -1.1177400 39.7963400 31975.00 432.40 109.70 0.00 0 0 0 0 2017/01/05 16:01:42.883
04:09:13.372 1
24116 3665812 4CA92E IBK6775 6063 -1.1177400 39.7963400 31975.00 432.40 109.70 0.00 0 0 0 0 2017/01/05 16:01:42.883
04:09:14.372 1
24116 3665812 4CA92E IBK6775 6063 -1.1177400 39.7963400 31975.00 432.40 109.70 0.00 0 0 0 0 2017/01/05 16:01:42.883
04:09:15.373 1
24116 3665812 4CA92E IBK6775 6063 -1.1077100 39.7934000 31975.00 432.10 109.60 0.00 0 0 0 0 2017/01/05 16:01:42.883
04:09:16.374 1
24116 3665812 4CA92E IBK6775 6063 -1.1077100 39.7934000 31975.00 432.10 109.60 0.00 0 0 0 0 2017/01/05 16:01:42.883
04:09:17.374 1
24116 3665812 4CA92E IBK6775 6063 -1.1077100 39.7934000 31975.00 432.10 109.60 0.00 0 0 0 0 2017/01/05 16:01:42.883
04:09:18.376 1
24116 3665812 4CA92E IBK6775 6063 -1.1077100 39.7934000 31975.00 432.10 109.60 0.00 0 0 0 0 2017/01/05 16:01:42.883
04:09:19.376 1
24116 3665812 4CA92E IBK6775 6063 -1.1077100 39.7934000 31975.00 432.10 109.60 0.00 0 0 0 0 2017/01/05 16:01:42.883
04:09:20.377 1
24116 3665812 4CA92E IBK6775 6063 -1.0994100 39.7910200 31975.00 432.40 109.70 0.00 0 0 0 0 2017/01/05 16:01:42.883
04:09:21.377 1
24116 3665812 4CA92E IBK6775 6063 -1.0994100 39.7910200 31975.00 432.40 109.70 0.00 0 0 0 0 2017/01/05 16:01:42.883
04:09:22.378 1
24116 3665812 4CA92E IBK6775 6063 -1.0994100 39.7910200 31975.00 432.40 109.70 0.00 0 0 0 0 2017/01/05 16:01:42.883
04:09:23.379 1
24116 3665812 4CA92E IBK6775 6063 -1.0994100 39.7910200 31975.00 432.40 109.70 0.00 0 0 0 0 2017/01/05 16:01:42.883
04:09:24.379 1
24116 3665812 4CA92E IBK6775 6063 -1.0994100 39.7910200 31975.00 432.40 109.70 0.00 0 0 0 0 2017/01/05 16:01:42.883
04:09:25.381 1
24116 3665812 4CA92E IBK6775 6063 -1.0994100 39.7910200 31975.00 432.40 109.70 0.00 0 0 0 0 2017/01/05 16:01:42.883
04:09:26.383 1
24116 3665812 4CA92E IBK6775 6063 -1.0994100 39.7910200 31975.00 432.40 109.70 0.00 0 0 0 0 2017/01/05 16:01:42.883
04:09:27.383 1
24116 3665812 4CA92E IBK6775 6063 -1.0994100 39.7910200 31975.00 432.40 109.70 0.00 0 0 0 0 2017/01/05 16:01:42.883
04:09:28.383 1
24116 3665812 4CA92E IBK6775 6063 -1.0994100 39.7910200 31975.00 432.40 109.70 0.00 0 0 0 0 2017/01/05 16:01:42.883
04:09:29.385 1
24116 3665812 4CA92E IBK6775 6063 -1.0749900 39.7838700 32000.00 432.40 109.70 0.00 0 0 0 0 2017/01/05 16:01:42.883
04:09:30.385 1
24116 3665812 4CA92E IBK6775 6063 -1.0749900 39.7838700 32000.00 432.40 109.70 0.00 0 0 0 0 2017/01/05 16:01:42.883
04:09:31.387 1
24116 3665812 4CA92E IBK6775 6063 -1.0749900 39.7838700 32000.00 432.40 109.70 0.00 0 0 0 0 2017/01/05 16:01:42.883
04:09:32.388 1
24116 3665812 4CA92E IBK6775 6063 -1.0749900 39.7838700 32000.00 432.40 109.70 0.00 0 0 0 0 2017/01/05 16:01:42.883
04:09:33.390 1
24116 3665812 4CA92E IBK6775 6063 -1.0657300 39.7811700 32000.00 432.40 109.70 0.00 0 0 0 0 2017/01/05 16:01:42.883
04:09:34.391 1
24116 3665812 4CA92E IBK6775 6063 -1.0645100 39.7808400 32000.00 432.40 109.70 0.00 0 0 0 0 2017/01/05 16:01:42.883
04:09:35.392 1
24116 3665812 4CA92E IBK6775 6063 -1.0645100 39.7808400 32000.00 432.40 109.70 0.00 0 0 0 0 2017/01/05 16:01:42.883
04:09:36.392 1
24116 3665812 4CA92E IBK6775 6063 -1.0645100 39.7808400 32000.00 432.40 109.70 0.00 0 0 0 0 2017/01/05 16:01:42.883
04:09:37.392 1
24116 3665812 4CA92E IBK6775 6063 -1.0645100 39.7808400 32000.00 432.40 109.70 0.00 0 0 0 0 2017/01/05 16:01:42.883
04:09:38.393 1
24116 3665812 4CA92E IBK6775 6063 -1.0552400 39.7781400 32000.00 432.40 109.70 0.00 0 0 0 0 2017/01/05 16:01:42.883
04:09:39.394 1
24116 3665812 4CA92E IBK6775 6063 -1.0552400 39.7781400 32000.00 432.40 109.70 0.00 0 0 0 0 2017/01/05 16:01:42.883
04:09:40.394 1
24116 3665812 4CA92E IBK6775 6063 -1.0552400 39.7781400 32000.00 432.40 109.70 0.00 0 0 0 0 2017/01/05 16:01:42.883
04:09:41.395 1
24116 3665812 4CA92E IBK6775 6063 -1.0442400 39.7749000 32000.00 432.40 109.70 0.00 0 0 0 0 2017/01/05 16:01:42.883
04:09:42.396 1
24116 3665812 4CA92E IBK6775 6063 -1.0442400 39.7749000 32000.00 432.40 109.70 0.00 0 0 0 0 2017/01/05 16:01:42.883
04:09:43.398 1
24116 3665812 4CA92E IBK6775 6063 -1.0442400 39.7749000 32000.00 432.40 109.70 0.00 0 0 0 0 2017/01/05 16:01:42.883
04:09:44.398 1
24116 3665812 4CA92E IBK6775 6063 -1.0442400 39.7749000 32000.00 432.40 109.70 0.00 0 0 0 0 2017/01/05 16:01:42.883
04:09:45.399 1
24116 3665812 4CA92E IBK6775 6063 -1.0442400 39.7749000 32000.00 432.40 109.70 0.00 0 0 0 0 2017/01/05 16:01:42.883
04:09:46.399 1
24116 3665812 4CA92E IBK6775 6063 -1.0347300 39.7721400 32000.00 432.40 109.70 0.00 0 0 0 0 2017/01/05 16:01:42.883
04:09:47.399 1
24116 3665812 4CA92E IBK6775 6063 -1.0347300 39.7721400 32000.00 432.40 109.70 0.00 0 0 0 0 2017/01/05 16:01:42.883
04:09:48.401 1
24116 3665812 4CA92E IBK6775 6063 -1.0347300 39.7721400 32000.00 432.40 109.70 0.00 0 0 0 0 2017/01/05 16:01:42.883
04:09:49.401 1
24116 3665812 4CA92E IBK6775 6063 -1.0347300 39.7721400 32000.00 432.40 109.70 0.00 0 0 0 0 2017/01/05 16:01:42.883
04:09:50.402 1
24116 3665812 4CA92E IBK6775 6063 -1.0264900 39.7697200 32000.00 432.40 109.70 0.00 0 0 0 0 2017/01/05 16:01:42.883
04:09:51.402 1
24116 3665812 4CA92E IBK6775 6063 -1.0252500 39.7693600 32000.00 432.40 109.70 -64.00 0 0 0 0 2017/01/05 16:01:42.883
04:09:52.403 1
24116 3665812 4CA92E IBK6775 6063 -1.0252500 39.7693600 32000.00 432.40 109.70 -64.00 0 0 0 0 2017/01/05 16:01:42.883
04:09:53.403 1
24116 3665812 4CA92E IBK6775 6063 -1.0252500 39.7693600 32000.00 432.40 109.70 -64.00 0 0 0 0 2017/01/05 16:01:42.883
04:09:54.404 1
24116 3665812 4CA92E IBK6775 6063 -1.0103800 39.7650100 31975.00 432.10 109.60 0.00 0 0 0 0 2017/01/05 16:01:42.883
04:09:55.405 1
24116 3665812 4CA92E IBK6775 6063 -1.0103800 39.7650100 31975.00 432.10 109.60 0.00 0 0 0 0 2017/01/05 16:01:42.883
04:09:56.405 1
24116 3665812 4CA92E IBK6775 6063 -1.0103800 39.7650100 31975.00 432.10 109.60 0.00 0 0 0 0 2017/01/05 16:01:42.883
04:09:57.406 1
24116 3665812 4CA92E IBK6775 6063 -1.0103800 39.7650100 31975.00 432.10 109.60 0.00 0 0 0 0 2017/01/05 16:01:42.883
04:09:58.406 1
24116 3665812 4CA92E IBK6775 6063 -1.0103800 39.7650100 31975.00 432.10 109.60 0.00 0 0 0 0 2017/01/05 16:01:42.883
04:09:59.406 1
24116 3665812 4CA92E IBK6775 6063 -1.0011000 39.7623600 32000.00 432.10 109.60 0.00 0 0 0 0 2017/01/05 16:01:42.883
04:10:00.407 1
24116 3665812 4CA92E IBK6775 6063 -1.0011000 39.7623600 32000.00 432.10 109.60 0.00 0 0 0 0 2017/01/05 16:01:42.883
04:10:01.407 1
24116 3665812 4CA92E IBK6775 6063 -1.0011000 39.7623600 32000.00 432.10 109.60 0.00 0 0 0 0 2017/01/05 16:01:42.883
04:10:02.408 1
24116 3665812 4CA92E IBK6775 6063 -1.0011000 39.7623600 32000.00 432.10 109.60 0.00 0 0 0 0 2017/01/05 16:01:42.883
04:10:03.408 1
24116 3665812 4CA92E IBK6775 6063 -0.9913300 39.7594700 32000.00 432.40 109.70 0.00 0 0 0 0 2017/01/05 16:01:42.883
04:10:04.409 1
24116 3665812 4CA92E IBK6775 6063 -0.9913300 39.7594700 32000.00 432.40 109.70 0.00 0 0 0 0 2017/01/05 16:01:42.883
04:10:05.409 1
24116 3665812 4CA92E IBK6775 6063 -0.9913300 39.7594700 32000.00 432.40 109.70 0.00 0 0 0 0 2017/01/05 16:01:42.883
04:10:06.410 1
24116 3665812 4CA92E IBK6775 6063 -0.9913300 39.7594700 31975.00 432.70 109.90 0.00 0 0 0 0 2017/01/05 16:01:42.883
04:10:07.412 1
24116 3665812 4CA92E IBK6775 6063 -0.9815700 39.7566400 32000.00 432.70 109.90 0.00 0 0 0 0 2017/01/05 16:01:42.883
04:10:08.416 1
24116 3665812 4CA92E IBK6775 6063 -0.9815700 39.7566400 32000.00 432.70 109.90 0.00 0 0 0 0 2017/01/05 16:01:42.883
04:10:09.417 1
24116 3665812 4CA92E IBK6775 6063 -0.9815700 39.7566400 32000.00 432.70 109.90 0.00 0 0 0 0 2017/01/05 16:01:42.883
04:10:10.417 1
24116 3665812 4CA92E IBK6775 6063 -0.9815700 39.7566400 32000.00 432.70 109.90 0.00 0 0 0 0 2017/01/05 16:01:42.883
04:10:11.418 1
24116 3665812 4CA92E IBK6775 6063 -0.9698500 39.7531900 32000.00 432.40 109.70 0.00 0 0 0 0 2017/01/05 16:01:42.883
04:10:12.419 1
24116 3665812 4CA92E IBK6775 6063 -0.9698500 39.7531900 32000.00 432.40 109.70 0.00 0 0 0 0 2017/01/05 16:01:42.883
04:10:13.419 1
24116 3665812 4CA92E IBK6775 6063 -0.9698500 39.7531900 32000.00 432.40 109.70 0.00 0 0 0 0 2017/01/05 16:01:42.883
04:10:14.420 1
24116 3665812 4CA92E IBK6775 6063 -0.9698500 39.7531900 32000.00 432.40 109.70 0.00 0 0 0 0 2017/01/05 16:01:42.883
04:10:15.420 1
24116 3665812 4CA92E IBK6775 6063 -0.9598700 39.7502700 31975.00 432.70 109.90 0.00 0 0 0 0 2017/01/05 16:01:42.883
04:10:16.421 1
24116 3665812 4CA92E IBK6775 6063 -0.9598700 39.7502700 31975.00 432.70 109.90 0.00 0 0 0 0 2017/01/05 16:01:42.883
04:10:17.422 1
24116 3665812 4CA92E IBK6775 6063 -0.9598700 39.7502700 31975.00 432.70 109.90 0.00 0 0 0 0 2017/01/05 16:01:42.883
04:10:18.424 1
24116 3665812 4CA92E IBK6775 6063 -0.9598700 39.7502700 31975.00 432.70 109.90 0.00 0 0 0 0 2017/01/05 16:01:42.883
04:10:19.426 1
24116 3665812 4CA92E IBK6775 6063 -0.9598700 39.7502700 31975.00 432.70 109.90 0.00 0 0 0 0 2017/01/05 16:01:42.883
04:10:20.426 1
24116 3665812 4CA92E IBK6775 6063 -0.9496600 39.7472500 31975.00 432.70 109.90 0.00 0 0 0 0 2017/01/05 16:01:42.883
04:10:21.427 1
24116 3665812 4CA92E IBK6775 6063 -0.9496600 39.7472500 31975.00 432.70 109.90 0.00 0 0 0 0 2017/01/05 16:01:42.883
04:10:22.428 1
24116 3665812 4CA92E IBK6775 6063 -0.9496600 39.7472500 31975.00 432.70 109.90 0.00 0 0 0 0 2017/01/05 16:01:42.883
04:10:23.428 1
24116 3665812 4CA92E IBK6775 6063 -0.9496600 39.7472500 31975.00 432.70 109.90 0.00 0 0 0 0 2017/01/05 16:01:42.883
04:10:24.429 1
24116 3665812 4CA92E IBK6775 6063 -0.9404100 39.7445100 31975.00 432.70 109.90 0.00 0 0 0 0 2017/01/05 16:01:42.883
04:10:25.429 1
24116 3665812 4CA92E IBK6775 6063 -0.9404100 39.7445100 31975.00 432.70 109.90 0.00 0 0 0 0 2017/01/05 16:01:42.883
04:10:26.429 1
24116 3665812 4CA92E IBK6775 6063 -0.9404100 39.7445100 31975.00 432.70 109.90 0.00 0 0 0 0 2017/01/05 16:01:42.883
04:10:27.430 1
24116 3665812 4CA92E IBK6775 6063 -0.9404100 39.7445100 31975.00 432.70 109.90 0.00 0 0 0 0 2017/01/05 16:01:42.883
04:10:28.430 1
24116 3665812 4CA92E IBK6775 6063 -0.9404100 39.7445100 31975.00 432.70 109.90 0.00 0 0 0 0 2017/01/05 16:01:42.883
04:10:29.430 1
24116 3665812 4CA92E IBK6775 6063 -0.9250500 39.7400200 32000.00 432.40 109.70 0.00 0 0 0 0 2017/01/05 16:01:42.883
04:10:30.431 1
24116 3665812 4CA92E IBK6775 6063 -0.9250500 39.7400200 32000.00 432.40 109.70 0.00 0 0 0 0 2017/01/05 16:01:42.883
04:10:31.431 1
24116 3665812 4CA92E IBK6775 6063 -0.9250500 39.7400200 32000.00 432.40 109.70 0.00 0 0 0 0 2017/01/05 16:01:42.883
04:10:32.436 1
24116 3665812 4CA92E IBK6775 6063 -0.9250500 39.7400200 32000.00 432.40 109.70 0.00 0 0 0 0 2017/01/05 16:01:42.883
04:10:33.437 1
24116 3665812 4CA92E IBK6775 6063 -0.9152800 39.7371800 32000.00 431.80 109.90 0.00 0 0 0 0 2017/01/05 16:01:42.883
04:10:34.438 1
24116 3665812 4CA92E IBK6775 6063 -0.9152800 39.7371800 32000.00 431.80 109.90 0.00 0 0 0 0 2017/01/05 16:01:42.883
04:10:35.438 1
24116 3665812 4CA92E IBK6775 6063 -0.9152800 39.7371800 32000.00 431.80 109.90 0.00 0 0 0 0 2017/01/05 16:01:42.883
04:10:36.439 1
24116 3665812 4CA92E IBK6775 6063 -0.9152800 39.7371800 32000.00 431.80 109.90 0.00 0 0 0 0 2017/01/05 16:01:42.883
04:10:37.439 1
24116 3665812 4CA92E IBK6775 6063 -0.9055800 39.7342900 32000.00 432.10 110.00 0.00 0 0 0 0 2017/01/05 16:01:42.883
04:10:38.439 1
24116 3665812 4CA92E IBK6775 6063 -0.9055800 39.7342900 32000.00 432.10 110.00 0.00 0 0 0 0 2017/01/05 16:01:42.883
04:10:39.439 1
24116 3665812 4CA92E IBK6775 6063 -0.9055800 39.7342900 32000.00 432.10 110.00 0.00 0 0 0 0 2017/01/05 16:01:42.883
04:10:40.440 1
24116 3665812 4CA92E IBK6775 6063 -0.9055800 39.7342900 32000.00 432.10 110.00 0.00 0 0 0 0 2017/01/05 16:01:42.883
04:10:41.441 1
24116 3665812 4CA92E IBK6775 6063 -0.9055800 39.7342900 32000.00 432.10 110.00 0.00 0 0 0 0 2017/01/05 16:01:42.883
04:10:42.443 1
24116 3665812 4CA92E IBK6775 6063 -0.9055800 39.7342900 32000.00 432.10 110.00 0.00 0 0 0 0 2017/01/05 16:01:42.883
04:10:43.443 1
24116 3665812 4CA92E IBK6775 6063 -0.9055800 39.7342900 32000.00 432.10 110.00 0.00 0 0 0 0 2017/01/05 16:01:42.883
04:10:44.445 1
24116 3665812 4CA92E IBK6775 6063 -0.9055800 39.7342900 32000.00 432.10 110.00 0.00 0 0 0 0 2017/01/05 16:01:42.883
04:10:45.445 1
24116 3665812 4CA92E IBK6775 6063 -0.8873300 39.7288500 31975.00 432.50 110.20 -64.00 0 0 0 0 2017/01/05 16:01:42.883
04:10:46.445 1
24116 3665812 4CA92E IBK6775 6063 -0.8861100 39.7284700 31975.00 432.50 110.20 0.00 0 0 0 0 2017/01/05 16:01:42.883
04:10:47.447 1
24116 3665812 4CA92E IBK6775 6063 -0.8861100 39.7284700 31975.00 432.50 110.20 0.00 0 0 0 0 2017/01/05 16:01:42.883
04:10:48.451 1
24116 3665812 4CA92E IBK6775 6063 -0.8861100 39.7284700 31975.00 432.50 110.20 0.00 0 0 0 0 2017/01/05 16:01:42.883
04:10:49.452 1
24116 3665812 4CA92E IBK6775 6063 -0.8861100 39.7284700 31975.00 432.50 110.20 0.00 0 0 0 0 2017/01/05 16:01:42.883
04:10:50.453 1
24116 3665812 4CA92E IBK6775 6063 -0.8861100 39.7284700 31975.00 432.50 110.20 0.00 0 0 0 0 2017/01/05 16:01:42.883
04:10:51.454 1
24116 3665812 4CA92E IBK6775 6063 -0.8756200 39.7253700 31975.00 432.50 110.20 0.00 0 0 0 0 2017/01/05 16:01:42.883
04:10:52.455 1
24116 3665812 4CA92E IBK6775 6063 -0.8756200 39.7253700 31975.00 432.50 110.20 0.00 0 0 0 0 2017/01/05 16:01:42.883
04:10:53.456 1
24116 3665812 4CA92E IBK6775 6063 -0.8756200 39.7253700 31975.00 432.50 110.20 0.00 0 0 0 0 2017/01/05 16:01:42.883
04:10:54.457 1
24116 3665812 4CA92E IBK6775 6063 -0.8671300 39.7228800 31975.00 432.10 110.00 0.00 0 0 0 0 2017/01/05 16:01:42.883
04:10:55.458 1
24116 3665812 4CA92E IBK6775 6063 -0.8671300 39.7228800 31975.00 432.10 110.00 0.00 0 0 0 0 2017/01/05 16:01:42.883
04:10:56.459 1
24116 3665812 4CA92E IBK6775 6063 -0.8671300 39.7228800 31975.00 432.10 110.00 0.00 0 0 0 0 2017/01/05 16:01:42.883
04:10:57.459 1
24116 3665812 4CA92E IBK6775 6063 -0.8671300 39.7228800 31975.00 432.10 110.00 0.00 0 0 0 0 2017/01/05 16:01:42.883
04:10:58.461 1
24116 3665812 4CA92E IBK6775 6063 -0.8671300 39.7228800 31975.00 432.10 110.00 0.00 0 0 0 0 2017/01/05 16:01:42.883
04:10:59.461 1
24116 3665812 4CA92E IBK6775 6063 -0.8671300 39.7228800 31975.00 432.10 110.00 0.00 0 0 0 0 2017/01/05 16:01:42.883
04:11:00.461 1
24116 3665812 4CA92E IBK6775 6063 -0.8528100 39.7186400 31975.00 431.80 109.90 0.00 0 0 0 0 2017/01/05 16:01:42.883
04:11:01.461 1
24116 3665812 4CA92E IBK6775 6063 -0.8528100 39.7186400 31975.00 431.80 109.90 0.00 0 0 0 0 2017/01/05 16:01:42.883
04:11:02.462 1
24116 3665812 4CA92E IBK6775 6063 -0.8528100 39.7186400 31975.00 431.80 109.90 0.00 0 0 0 0 2017/01/05 16:01:42.883
04:11:03.464 1
24116 3665812 4CA92E IBK6775 6063 -0.8528100 39.7186400 31975.00 431.80 109.90 0.00 0 0 0 0 2017/01/05 16:01:42.883
04:11:04.464 1
24116 3665812 4CA92E IBK6775 6063 -0.8420700 39.7154800 32000.00 431.50 109.80 64.00 0 0 0 0 2017/01/05 16:01:42.883
04:11:05.465 1
24116 3665812 4CA92E IBK6775 6063 -0.8420700 39.7154800 32000.00 431.50 109.80 64.00 0 0 0 0 2017/01/05 16:01:42.883
04:11:06.465 1
24116 3665812 4CA92E IBK6775 6063 -0.8420700 39.7154800 32000.00 431.50 109.80 64.00 0 0 0 0 2017/01/05 16:01:42.883
04:11:07.466 1
24116 3665812 4CA92E IBK6775 6063 -0.8420700 39.7154800 32000.00 431.50 109.80 64.00 0 0 0 0 2017/01/05 16:01:42.883
04:11:08.467 1
24116 3665812 4CA92E IBK6775 6063 -0.8420700 39.7154800 32000.00 431.50 109.80 64.00 0 0 0 0 2017/01/05 16:01:42.883
04:11:09.467 1
24116 3665812 4CA92E IBK6775 6063 -0.8420700 39.7154800 32000.00 431.50 109.80 64.00 0 0 0 0 2017/01/05 16:01:42.883
04:11:10.468 1
24116 3665812 4CA92E IBK6775 6063 -0.8420700 39.7154800 32000.00 431.50 109.80 64.00 0 0 0 0 2017/01/05 16:01:42.883
04:11:11.469 1
24116 3665812 4CA92E IBK6775 6063 -0.8231400 39.7099000 32000.00 431.50 109.80 0.00 0 0 0 0 2017/01/05 16:01:42.883
04:11:12.470 1
24116 3665812 4CA92E IBK6775 6063 -0.8231400 39.7099000 32000.00 431.50 109.80 0.00 0 0 0 0 2017/01/05 16:01:42.883
04:11:13.470 1
24116 3665812 4CA92E IBK6775 6063 -0.8231400 39.7099000 32000.00 431.50 109.80 0.00 0 0 0 0 2017/01/05 16:01:42.883
04:11:14.472 1
24116 3665812 4CA92E IBK6775 6063 -0.8231400 39.7099000 32000.00 431.50 109.80 0.00 0 0 0 0 2017/01/05 16:01:42.883
04:11:15.473 1
24116 3665812 4CA92E IBK6775 6063 -0.8139400 39.7072000 32000.00 431.50 109.80 0.00 0 0 0 0 2017/01/05 16:01:42.883
04:11:16.474 1
24116 3665812 4CA92E IBK6775 6063 -0.8139400 39.7072000 32000.00 431.50 109.80 0.00 0 0 0 0 2017/01/05 16:01:42.883
04:11:17.474 1
24116 3665812 4CA92E IBK6775 6063 -0.8139400 39.7072000 32000.00 431.50 109.80 0.00 0 0 0 0 2017/01/05 16:01:42.883
04:11:18.475 1
24116 3665812 4CA92E IBK6775 6063 -0.8139400 39.7072000 32000.00 431.50 109.80 0.00 0 0 0 0 2017/01/05 16:01:42.883
04:11:19.475 1
24116 3665812 4CA92E IBK6775 6063 -0.8139400 39.7072000 32000.00 431.50 109.80 0.00 0 0 0 0 2017/01/05 16:01:42.883
04:11:20.475 1
24116 3665812 4CA92E IBK6775 6063 -0.8139400 39.7072000 32000.00 431.50 109.80 0.00 0 0 0 0 2017/01/05 16:01:42.883
04:11:21.476 1
24116 3665812 4CA92E IBK6775 6063 -0.8034700 39.7041700 32000.00 431.50 109.80 0.00 0 0 0 0 2017/01/05 16:01:42.883
04:11:22.478 1
24116 3665812 4CA92E IBK6775 6063 -0.8034700 39.7041700 32000.00 431.50 109.80 0.00 0 0 0 0 2017/01/05 16:01:42.883
04:11:23.478 1
24116 3665812 4CA92E IBK6775 6063 -0.8034700 39.7041700 32000.00 431.50 109.80 0.00 0 0 0 0 2017/01/05 16:01:42.883
04:11:24.480 1
24116 3665812 4CA92E IBK6775 6063 -0.7942500 39.7014700 32000.00 431.50 109.80 0.00 0 0 0 0 2017/01/05 16:01:42.883
04:11:25.481 1
24116 3665812 4CA92E IBK6775 6063 -0.7942500 39.7014700 32000.00 431.50 109.80 0.00 0 0 0 0 2017/01/05 16:01:42.883
04:11:26.481 1
24116 3665812 4CA92E IBK6775 6063 -0.7942500 39.7014700 32000.00 431.50 109.80 0.00 0 0 0 0 2017/01/05 16:01:42.883
04:11:27.483 1
24116 3665812 4CA92E IBK6775 6063 -0.7942500 39.7014700 32000.00 431.50 109.80 0.00 0 0 0 0 2017/01/05 16:01:42.883
04:11:28.483 1
24116 3665812 4CA92E IBK6775 6063 -0.7942500 39.7014700 32000.00 431.50 109.80 0.00 0 0 0 0 2017/01/05 16:01:42.883
04:11:29.484 1
24116 3665812 4CA92E IBK6775 6063 -0.7849700 39.6987200 32000.00 431.50 109.80 0.00 0 0 0 0 2017/01/05 16:01:42.883
04:11:30.485 1
24116 3665812 4CA92E IBK6775 6063 -0.7849700 39.6987200 32000.00 431.50 109.80 0.00 0 0 0 0 2017/01/05 16:01:42.883
04:11:31.486 1
24116 3665812 4CA92E IBK6775 6063 -0.7849700 39.6987200 32000.00 431.50 109.80 0.00 0 0 0 0 2017/01/05 16:01:42.883
04:11:32.487 1
24116 3665812 4CA92E IBK6775 6063 -0.7849700 39.6987200 32000.00 431.50 109.80 0.00 0 0 0 0 2017/01/05 16:01:42.883
04:11:33.488 1
24116 3665812 4CA92E IBK6775 6063 -0.7704500 39.6944900 32000.00 431.50 109.80 0.00 0 0 0 0 2017/01/05 16:01:42.883
04:11:34.489 1
24116 3665812 4CA92E IBK6775 6063 -0.7704500 39.6944900 32000.00 431.50 109.80 0.00 0 0 0 0 2017/01/05 16:01:42.883
04:11:35.490 1
24116 3665812 4CA92E IBK6775 6063 -0.7704500 39.6944900 32000.00 431.50 109.80 0.00 0 0 0 0 2017/01/05 16:01:42.883
04:11:36.491 1
24116 3665812 4CA92E IBK6775 6063 -0.7704500 39.6944900 32000.00 431.50 109.80 0.00 0 0 0 0 2017/01/05 16:01:42.883
04:11:37.492 1
24116 3665812 4CA92E IBK6775 6063 -0.7704500 39.6944900 32000.00 431.50 109.80 0.00 0 0 0 0 2017/01/05 16:01:42.883
04:11:38.494 1
24116 3665812 4CA92E IBK6775 6063 -0.7704500 39.6944900 32000.00 431.50 109.80 0.00 0 0 0 0 2017/01/05 16:01:42.883
04:11:39.494 1
24116 3665812 4CA92E IBK6775 6063 -0.7604400 39.6915400 32000.00 431.50 109.80 64.00 0 0 0 0 2017/01/05 16:01:42.883
04:11:40.495 1
24116 3665812 4CA92E IBK6775 6063 -0.7604400 39.6915400 32000.00 431.50 109.80 64.00 0 0 0 0 2017/01/05 16:01:42.883
04:11:41.497 1
24116 3665812 4CA92E IBK6775 6063 -0.7604400 39.6915400 32000.00 431.50 109.80 64.00 0 0 0 0 2017/01/05 16:01:42.883
04:11:42.498 1
24116 3665812 4CA92E IBK6775 6063 -0.7488000 39.6881600 32000.00 431.50 109.80 0.00 0 0 0 0 2017/01/05 16:01:42.883
04:11:43.498 1
24116 3665812 4CA92E IBK6775 6063 -0.7488000 39.6881600 32000.00 431.50 109.80 0.00 0 0 0 0 2017/01/05 16:01:42.883
04:11:44.499 1
24116 3665812 4CA92E IBK6775 6063 -0.7488000 39.6881600 32000.00 431.50 109.80 0.00 0 0 0 0 2017/01/05 16:01:42.883
04:11:45.499 1
24116 3665812 4CA92E IBK6775 6063 -0.7488000 39.6881600 32000.00 431.50 109.80 0.00 0 0 0 0 2017/01/05 16:01:42.883
04:11:46.500 1
24116 3665812 4CA92E IBK6775 6063 -0.7388300 39.6852200 32000.00 431.50 109.80 0.00 0 0 0 0 2017/01/05 16:01:42.883
04:11:47.501 1
24116 3665812 4CA92E IBK6775 6063 -0.7388300 39.6852200 32000.00 431.50 109.80 0.00 0 0 0 0 2017/01/05 16:01:42.883
04:11:48.502 1
24116 3665812 4CA92E IBK6775 6063 -0.7388300 39.6852200 32000.00 431.50 109.80 0.00 0 0 0 0 2017/01/05 16:01:42.883
04:11:49.503 1
24116 3665812 4CA92E IBK6775 6063 -0.7388300 39.6852200 32000.00 431.50 109.80 0.00 0 0 0 0 2017/01/05 16:01:42.883
04:11:50.504 1
24116 3665812 4CA92E IBK6775 6063 -0.7291300 39.6823800 32000.00 431.50 109.80 -64.00 0 0 0 0 2017/01/05 16:01:42.883
04:11:51.504 1
24116 3665812 4CA92E IBK6775 6063 -0.7291300 39.6823800 32000.00 431.50 109.80 -64.00 0 0 0 0 2017/01/05 16:01:42.883
04:11:52.506 1
24116 3665812 4CA92E IBK6775 6063 -0.7291300 39.6823800 32000.00 431.50 109.80 -64.00 0 0 0 0 2017/01/05 16:01:42.883
04:11:53.506 1
24116 3665812 4CA92E IBK6775 6063 -0.7291300 39.6823800 32000.00 431.50 109.80 -64.00 0 0 0 0 2017/01/05 16:01:42.883
04:11:54.508 1
24116 3665812 4CA92E IBK6775 6063 -0.7194200 39.6795000 31975.00 431.50 109.80 -64.00 0 0 0 0 2017/01/05 16:01:42.883
04:11:55.508 1
24116 3665812 4CA92E IBK6775 6063 -0.7182300 39.6791400 31975.00 431.80 109.90 -64.00 0 0 0 0 2017/01/05 16:01:42.883
04:11:56.509 1
24116 3665812 4CA92E IBK6775 6063 -0.7182300 39.6791400 31975.00 431.80 109.90 -64.00 0 0 0 0 2017/01/05 16:01:42.883
04:11:57.510 1
24116 3665812 4CA92E IBK6775 6063 -0.7182300 39.6791400 31975.00 431.80 109.90 -64.00 0 0 0 0 2017/01/05 16:01:42.883
04:11:58.510 1
24116 3665812 4CA92E IBK6775 6063 -0.7182300 39.6791400 31975.00 431.80 109.90 -64.00 0 0 0 0 2017/01/05 16:01:42.883
04:11:59.510 1
24116 3665812 4CA92E IBK6775 6063 -0.7094500 39.6765700 31975.00 431.80 109.90 0.00 0 0 0 0 2017/01/05 16:01:42.883
04:12:00.510 1
24116 3665812 4CA92E IBK6775 6063 -0.7094500 39.6765700 31975.00 431.80 109.90 0.00 0 0 0 0 2017/01/05 16:01:42.883
04:12:01.510 1
24116 3665812 4CA92E IBK6775 6063 -0.7094500 39.6765700 31975.00 431.80 109.90 0.00 0 0 0 0 2017/01/05 16:01:42.883
04:12:02.511 1
24116 3665812 4CA92E IBK6775 6063 -0.7094500 39.6765700 31975.00 431.80 109.90 0.00 0 0 0 0 2017/01/05 16:01:42.883
04:12:03.511 1
24116 3665812 4CA92E IBK6775 6063 -0.7094500 39.6765700 31975.00 431.80 109.90 0.00 0 0 0 0 2017/01/05 16:01:42.883
04:12:04.511 1
24116 3665812 4CA92E IBK6775 6063 -0.7094500 39.6765700 31975.00 431.80 109.90 0.00 0 0 0 0 2017/01/05 16:01:42.883
04:12:05.512 1
24116 3665812 4CA92E IBK6775 6063 -0.7094500 39.6765700 31975.00 431.80 109.90 0.00 0 0 0 0 2017/01/05 16:01:42.883
04:12:06.513 1
24116 3665812 4CA92E IBK6775 6063 -0.7094500 39.6765700 31975.00 431.80 109.90 0.00 0 0 0 0 2017/01/05 16:01:42.883
04:12:07.514 1
24116 3665812 4CA92E IBK6775 6063 -0.7094500 39.6765700 31975.00 431.80 109.90 0.00 0 0 0 0 2017/01/05 16:01:42.883
04:12:08.515 1
24116 3665812 4CA92E IBK6775 6063 -0.7094500 39.6765700 31975.00 431.80 109.90 0.00 0 0 0 0 2017/01/05 16:01:42.883
04:12:09.516 1
24116 3665812 4CA92E IBK6775 6063 -0.7094500 39.6765700 31975.00 431.80 109.90 0.00 0 0 0 0 2017/01/05 16:01:42.883
04:12:10.517 1
24116 3665812 4CA92E IBK6775 6063 -0.7094500 39.6765700 31975.00 431.80 109.90 0.00 0 0 0 0 2017/01/05 16:01:42.883
04:12:11.518 1
24116 3665812 4CA92E IBK6775 6063 -0.7094500 39.6765700 31975.00 431.80 109.90 0.00 0 0 0 0 2017/01/05 16:01:42.883
04:12:12.519 1
24116 3665812 4CA92E IBK6775 6063 -0.7094500 39.6765700 31975.00 431.80 109.90 0.00 0 0 0 0 2017/01/05 16:01:42.883
04:12:13.519 1
24116 3665812 4CA92E IBK6775 6063 -0.7094500 39.6765700 31975.00 431.80 109.90 0.00 0 0 0 0 2017/01/05 16:01:42.883
04:12:14.521 1
24116 3665812 4CA92E IBK6775 6063 -0.7094500 39.6765700 31975.00 431.80 109.90 0.00 0 0 0 0 2017/01/05 16:01:42.883
04:12:15.521 1
24116 3665812 4CA92E IBK6775 6063 -0.7094500 39.6765700 31975.00 431.80 109.90 0.00 0 0 0 0 2017/01/05 16:01:42.883
04:12:16.521 1
24116 3665812 4CA92E IBK6775 6063 -0.7094500 39.6765700 31975.00 431.80 109.90 0.00 0 0 0 0 2017/01/05 16:01:42.883
04:12:17.522 1
24116 3665812 4CA92E IBK6775 6063 -0.7094500 39.6765700 31975.00 431.80 109.90 0.00 0 0 0 0 2017/01/05 16:01:42.883
04:12:18.523 1
24116 3665812 4CA92E IBK6775 6063 -0.7094500 39.6765700 31975.00 431.80 109.90 0.00 0 0 0 0 2017/01/05 16:01:42.883
04:12:19.525 1
24116 3665812 4CA92E IBK6775 6063 -0.7094500 39.6765700 31975.00 431.80 109.90 0.00 0 0 0 0 2017/01/05 16:01:42.883
04:12:20.525 1
24116 3665812 4CA92E IBK6775 6063 -0.7094500 39.6765700 31975.00 431.80 109.90 0.00 0 0 0 0 2017/01/05 16:01:42.883
04:12:21.526 1
24116 3665812 4CA92E IBK6775 6063 -0.7094500 39.6765700 31975.00 431.80 109.90 0.00 0 0 0 0 2017/01/05 16:01:42.883
04:12:22.527 1
24116 3665812 4CA92E IBK6775 6063 -0.6550600 39.6604600 32000.00 431.80 109.90 0.00 0 0 0 0 2017/01/05 16:01:42.883
04:12:23.528 1
24116 3665812 4CA92E IBK6775 6063 -0.6550600 39.6604600 32000.00 431.80 109.90 0.00 0 0 0 0 2017/01/05 16:01:42.883
04:12:24.528 1
24116 3665812 4CA92E IBK6775 6063 -0.6550600 39.6604600 32000.00 431.80 109.90 0.00 0 0 0 0 2017/01/05 16:01:42.883
04:12:25.529 1
24116 3665812 4CA92E IBK6775 6063 -0.6550600 39.6604600 32000.00 431.80 109.90 0.00 0 0 0 0 2017/01/05 16:01:42.883
04:12:26.530 1
24116 3665812 4CA92E IBK6775 6063 -0.6550600 39.6604600 32000.00 431.80 109.90 0.00 0 0 0 0 2017/01/05 16:01:42.883
04:12:27.531 1
24116 3665812 4CA92E IBK6775 6063 -0.6550600 39.6604600 32000.00 431.80 109.90 0.00 0 0 0 0 2017/01/05 16:01:42.883
04:12:28.532 1
24116 3665812 4CA92E IBK6775 6063 -0.6550600 39.6604600 32000.00 431.80 109.90 0.00 0 0 0 0 2017/01/05 16:01:42.883
04:12:29.533 1
24116 3665812 4CA92E IBK6775 6063 -0.6550600 39.6604600 32000.00 431.80 109.90 0.00 0 0 0 0 2017/01/05 16:01:42.883
04:12:30.534 1
24116 3665812 4CA92E IBK6775 6063 -0.6373300 39.6552400 32000.00 432.10 110.00 0.00 0 0 0 0 2017/01/05 16:01:42.883
04:12:31.534 1
24116 3665812 4CA92E IBK6775 6063 -0.6373300 39.6552400 32000.00 432.10 110.00 0.00 0 0 0 0 2017/01/05 16:01:42.883
04:12:32.535 1
24116 3665812 4CA92E IBK6775 6063 -0.6373300 39.6552400 32000.00 432.10 110.00 0.00 0 0 0 0 2017/01/05 16:01:42.883
04:12:33.535 1
24116 3665812 4CA92E IBK6775 6063 -0.6373300 39.6552400 32000.00 432.10 110.00 0.00 0 0 0 0 2017/01/05 16:01:42.883
04:12:34.536 1
24116 3665812 4CA92E IBK6775 6063 -0.6373300 39.6552400 32000.00 432.10 110.00 0.00 0 0 0 0 2017/01/05 16:01:42.883
04:12:35.536 1
24116 3665812 4CA92E IBK6775 6063 -0.6268800 39.6521300 32000.00 432.10 110.00 0.00 0 0 0 0 2017/01/05 16:01:42.883
04:12:36.536 1
24116 3665812 4CA92E IBK6775 6063 -0.6268800 39.6521300 32000.00 432.10 110.00 0.00 0 0 0 0 2017/01/05 16:01:42.883
04:12:37.537 1
24116 3665812 4CA92E IBK6775 6063 -0.6268800 39.6521300 32000.00 432.10 110.00 0.00 0 0 0 0 2017/01/05 16:01:42.883
04:12:38.537 1
24116 3665812 4CA92E IBK6775 6063 -0.6268800 39.6521300 32000.00 432.10 110.00 0.00 0 0 0 0 2017/01/05 16:01:42.883
04:12:39.538 1
24116 3665812 4CA92E IBK6775 6063 -0.6135300 39.6481700 32000.00 432.10 110.00 0.00 0 0 0 0 2017/01/05 16:01:42.883
04:12:40.538 1
24116 3665812 4CA92E IBK6775 6063 -0.6135300 39.6481700 32000.00 432.10 110.00 0.00 0 0 0 0 2017/01/05 16:01:42.883
04:12:41.538 1
24116 3665812 4CA92E IBK6775 6063 -0.6135300 39.6481700 32000.00 432.10 110.00 0.00 0 0 0 0 2017/01/05 16:01:42.883
04:12:42.539 1
24116 3665812 4CA92E IBK6775 6063 -0.6135300 39.6481700 32000.00 432.10 110.00 0.00 0 0 0 0 2017/01/05 16:01:42.883
04:12:43.540 1
24116 3665812 4CA92E IBK6775 6063 -0.6135300 39.6481700 31975.00 433.10 110.00 0.00 0 0 0 0 2017/01/05 16:01:42.883
04:12:44.542 1
24116 3665812 4CA92E IBK6775 6063 -0.6135300 39.6481700 31975.00 433.10 110.00 0.00 0 0 0 0 2017/01/05 16:01:42.883
04:12:45.543 1
24116 3665812 4CA92E IBK6775 6063 -0.6135300 39.6481700 31975.00 433.10 110.00 0.00 0 0 0 0 2017/01/05 16:01:42.883
04:12:46.543 1
24116 3665812 4CA92E IBK6775 6063 -0.6135300 39.6481700 31975.00 433.10 110.00 0.00 0 0 0 0 2017/01/05 16:01:42.883
04:12:47.544 1
24116 3665812 4CA92E IBK6775 6063 -0.5921000 39.6417900 31975.00 433.10 110.00 0.00 0 0 0 0 2017/01/05 16:01:42.883
04:12:48.545 1
24116 3665812 4CA92E IBK6775 6063 -0.5921000 39.6417900 31975.00 433.10 110.00 0.00 0 0 0 0 2017/01/05 16:01:42.883
04:12:49.546 1
24116 3665812 4CA92E IBK6775 6063 -0.5921000 39.6417900 31975.00 433.10 110.00 0.00 0 0 0 0 2017/01/05 16:01:42.883
04:12:50.547 1
24116 3665812 4CA92E IBK6775 6063 -0.5921000 39.6417900 31975.00 433.10 110.00 0.00 0 0 0 0 2017/01/05 16:01:42.883
04:12:51.547 1
24116 3665812 4CA92E IBK6775 6063 -0.5921000 39.6417900 31975.00 433.10 110.00 0.00 0 0 0 0 2017/01/05 16:01:42.883
04:12:52.549 1
24116 3665812 4CA92E IBK6775 6063 -0.5921000 39.6417900 31975.00 433.10 110.00 0.00 0 0 0 0 2017/01/05 16:01:42.883
04:12:53.550 1
24116 3665812 4CA92E IBK6775 6063 -0.5921000 39.6417900 31975.00 433.10 110.00 0.00 0 0 0 0 2017/01/05 16:01:42.883
04:12:54.550 1
24116 3665812 4CA92E IBK6775 6063 -0.5921000 39.6417900 31975.00 433.10 110.00 0.00 0 0 0 0 2017/01/05 16:01:42.883
04:12:55.551 1
24116 3665812 4CA92E IBK6775 6063 -0.5921000 39.6417900 31975.00 433.10 110.00 0.00 0 0 0 0 2017/01/05 16:01:42.883
04:12:56.551 1
24116 3665812 4CA92E IBK6775 6063 -0.5921000 39.6417900 31975.00 433.10 110.00 0.00 0 0 0 0 2017/01/05 16:01:42.883
04:12:57.553 1
24116 3665812 4CA92E IBK6775 6063 -0.5921000 39.6417900 31975.00 433.10 110.00 0.00 0 0 0 0 2017/01/05 16:01:42.883
04:12:58.554 1
24116 3665812 4CA92E IBK6775 6063 -0.5921000 39.6417900 31975.00 433.10 110.00 0.00 0 0 0 0 2017/01/05 16:01:42.883
04:12:59.555 1
24116 3665812 4CA92E IBK6775 6063 -0.5622100 39.6329000 32000.00 432.50 110.20 64.00 0 0 0 0 2017/01/05 16:01:42.883
04:13:00.556 1
24116 3665812 4CA92E IBK6775 6063 -0.5622100 39.6329000 32000.00 432.50 110.20 64.00 0 0 0 0 2017/01/05 16:01:42.883
04:13:01.557 1
24116 3665812 4CA92E IBK6775 6063 -0.5622100 39.6329000 32000.00 432.50 110.20 64.00 0 0 0 0 2017/01/05 16:01:42.883
04:13:02.558 1
24116 3665812 4CA92E IBK6775 6063 -0.5622100 39.6329000 32000.00 432.50 110.20 64.00 0 0 0 0 2017/01/05 16:01:42.883
04:13:03.558 1
24116 3665812 4CA92E IBK6775 6063 -0.5622100 39.6329000 32000.00 432.50 110.20 64.00 0 0 0 0 2017/01/05 16:01:42.883
04:13:04.559 1
24116 3665812 4CA92E IBK6775 6063 -0.5622100 39.6329000 32000.00 432.50 110.20 64.00 0 0 0 0 2017/01/05 16:01:42.883
04:13:05.560 1
24116 3665812 4CA92E IBK6775 6063 -0.5522500 39.6299200 32000.00 432.50 110.20 0.00 0 0 0 0 2017/01/05 16:01:42.883
04:13:06.561 1
24116 3665812 4CA92E IBK6775 6063 -0.5522500 39.6299200 32000.00 432.50 110.20 0.00 0 0 0 0 2017/01/05 16:01:42.883
04:13:07.562 1
24116 3665812 4CA92E IBK6775 6063 -0.5522500 39.6299200 32000.00 432.50 110.20 0.00 0 0 0 0 2017/01/05 16:01:42.883
04:13:08.563 1
24116 3665812 4CA92E IBK6775 6063 -0.5522500 39.6299200 32000.00 432.50 110.20 0.00 0 0 0 0 2017/01/05 16:01:42.883
04:13:09.564 1
24116 3665812 4CA92E IBK6775 6063 -0.5359400 39.6250800 32000.00 432.50 110.20 0.00 0 0 0 0 2017/01/05 16:01:42.883
04:13:10.566 1
24116 3665812 4CA92E IBK6775 6063 -0.5359400 39.6250800 32000.00 432.50 110.20 0.00 0 0 0 0 2017/01/05 16:01:42.883
04:13:11.567 1
24116 3665812 4CA92E IBK6775 6063 -0.5359400 39.6250800 32000.00 432.50 110.20 0.00 0 0 0 0 2017/01/05 16:01:42.883
04:13:12.568 1
24116 3665812 4CA92E IBK6775 6063 -0.5359400 39.6250800 32000.00 432.50 110.20 0.00 0 0 0 0 2017/01/05 16:01:42.883
04:13:13.569 1
24116 3665812 4CA92E IBK6775 6063 -0.5359400 39.6250800 32000.00 432.50 110.20 0.00 0 0 0 0 2017/01/05 16:01:42.883
04:13:14.569 1
24116 3665812 4CA92E IBK6775 6063 -0.5271600 39.6224700 32000.00 432.50 110.20 0.00 0 0 0 0 2017/01/05 16:01:42.883
04:13:15.573 1
24116 3665812 4CA92E IBK6775 6063 -0.5271600 39.6224700 32000.00 432.50 110.20 0.00 0 0 0 0 2017/01/05 16:01:42.883
04:13:16.575 1
24116 3665812 4CA92E IBK6775 6063 -0.5271600 39.6224700 32000.00 432.50 110.20 0.00 0 0 0 0 2017/01/05 16:01:42.883
04:13:17.575 1
24116 3665812 4CA92E IBK6775 6063 -0.5167200 39.6193500 31975.00 432.50 110.20 0.00 0 0 0 0 2017/01/05 16:01:42.883
04:13:18.577 1
24116 3665812 4CA92E IBK6775 6063 -0.5167200 39.6193500 31975.00 432.50 110.20 0.00 0 0 0 0 2017/01/05 16:01:42.883
04:13:19.578 1
24116 3665812 4CA92E IBK6775 6063 -0.5167200 39.6193500 31975.00 432.50 110.20 0.00 0 0 0 0 2017/01/05 16:01:42.883
04:13:20.579 1
24116 3665812 4CA92E IBK6775 6063 -0.5167200 39.6193500 31975.00 432.50 110.20 0.00 0 0 0 0 2017/01/05 16:01:42.883
04:13:21.580 1
24116 3665812 4CA92E IBK6775 6063 -0.5089700 39.6170300 32000.00 432.50 110.20 0.00 0 0 0 0 2017/01/05 16:01:42.883
04:13:22.581 1
24116 3665812 4CA92E IBK6775 6063 -0.5089700 39.6170300 32000.00 432.50 110.20 0.00 0 0 0 0 2017/01/05 16:01:42.883
04:13:23.582 1
24116 3665812 4CA92E IBK6775 6063 -0.5089700 39.6170300 32000.00 432.50 110.20 0.00 0 0 0 0 2017/01/05 16:01:42.883
04:13:24.583 1
24116 3665812 4CA92E IBK6775 6063 -0.5089700 39.6170300 32000.00 432.50 110.20 0.00 0 0 0 0 2017/01/05 16:01:42.883
04:13:25.584 1
24116 3665812 4CA92E IBK6775 6063 -0.4978000 39.6136700 32000.00 432.50 110.20 0.00 0 0 0 0 2017/01/05 16:01:42.883
04:13:26.584 1
24116 3665812 4CA92E IBK6775 6063 -0.4978000 39.6136700 32000.00 432.50 110.20 0.00 0 0 0 0 2017/01/05 16:01:42.883
04:13:27.585 1
24116 3665812 4CA92E IBK6775 6063 -0.4978000 39.6136700 32000.00 432.50 110.20 0.00 0 0 0 0 2017/01/05 16:01:42.883
04:13:28.586 1
24116 3665812 4CA92E IBK6775 6063 -0.4978000 39.6136700 32000.00 432.50 110.20 0.00 0 0 0 0 2017/01/05 16:01:42.883
04:13:29.587 1
24116 3665812 4CA92E IBK6775 6063 -0.4978000 39.6136700 32000.00 432.50 110.20 0.00 0 0 0 0 2017/01/05 16:01:42.883
04:13:30.588 1
24116 3665812 4CA92E IBK6775 6063 -0.4882900 39.6108400 32000.00 432.50 110.20 0.00 0 0 0 0 2017/01/05 16:01:42.883
04:13:31.589 1
24116 3665812 4CA92E IBK6775 6063 -0.4882900 39.6108400 32000.00 432.50 110.20 0.00 0 0 0 0 2017/01/05 16:01:42.883
04:13:32.589 1
24116 3665812 4CA92E IBK6775 6063 -0.4882900 39.6108400 32000.00 432.50 110.20 0.00 0 0 0 0 2017/01/05 16:01:42.883
04:13:33.590 1
24116 3665812 4CA92E IBK6775 6063 -0.4882900 39.6108400 32000.00 432.50 110.20 0.00 0 0 0 0 2017/01/05 16:01:42.883
04:13:34.590 1
24116 3665812 4CA92E IBK6775 6063 -0.4882900 39.6108400 32000.00 432.50 110.20 0.00 0 0 0 0 2017/01/05 16:01:42.883
04:13:35.591 1
24116 3665812 4CA92E IBK6775 6063 -0.4882900 39.6108400 32000.00 432.50 110.20 0.00 0 0 0 0 2017/01/05 16:01:42.883
04:13:36.592 1
24116 3665812 4CA92E IBK6775 6063 -0.4882900 39.6108400 32000.00 432.50 110.20 0.00 0 0 0 0 2017/01/05 16:01:42.883
04:13:37.593 1
24116 3665812 4CA92E IBK6775 6063 -0.4882900 39.6108400 32000.00 432.50 110.20 0.00 0 0 0 0 2017/01/05 16:01:42.883
04:13:38.594 1
24116 3665812 4CA92E IBK6775 6063 -0.4681400 39.6048300 32000.00 432.50 110.20 -64.00 0 0 0 0 2017/01/05 16:01:42.883
04:13:39.596 1
24116 3665812 4CA92E IBK6775 6063 -0.4681400 39.6048300 32000.00 432.50 110.20 -64.00 0 0 0 0 2017/01/05 16:01:42.883
04:13:40.596 1
24116 3665812 4CA92E IBK6775 6063 -0.4681400 39.6048300 32000.00 432.50 110.20 -64.00 0 0 0 0 2017/01/05 16:01:42.883
04:13:41.597 1
24116 3665812 4CA92E IBK6775 6063 -0.4681400 39.6048300 32000.00 432.50 110.20 -64.00 0 0 0 0 2017/01/05 16:01:42.883
04:13:42.598 1
24116 3665812 4CA92E IBK6775 6063 -0.4681400 39.6048300 32000.00 432.50 110.20 -64.00 0 0 0 0 2017/01/05 16:01:42.883
04:13:43.599 1
24116 3665812 4CA92E IBK6775 6063 -0.4681400 39.6048300 32000.00 432.50 110.20 -64.00 0 0 0 0 2017/01/05 16:01:42.883
04:13:44.601 1
24116 3665812 4CA92E IBK6775 6063 -0.4535500 39.6004500 32000.00 432.80 110.30 0.00 0 0 0 0 2017/01/05 16:01:42.883
04:13:45.602 1
24116 3665812 4CA92E IBK6775 6063 -0.4535500 39.6004500 32000.00 432.80 110.30 0.00 0 0 0 0 2017/01/05 16:01:42.883
04:13:46.604 1
24116 3665812 4CA92E IBK6775 6063 -0.4535500 39.6004500 32000.00 432.80 110.30 0.00 0 0 0 0 2017/01/05 16:01:42.883
04:13:47.605 1
24116 3665812 4CA92E IBK6775 6063 -0.4535500 39.6004500 32000.00 432.80 110.30 0.00 0 0 0 0 2017/01/05 16:01:42.883
04:13:48.606 1
24116 3665812 4CA92E IBK6775 6063 -0.4455400 39.5980200 31975.00 433.40 110.10 0.00 0 0 0 0 2017/01/05 16:01:42.883
04:13:49.607 1
24116 3665812 4CA92E IBK6775 6063 -0.4455400 39.5980200 31975.00 433.40 110.10 0.00 0 0 0 0 2017/01/05 16:01:42.883
04:13:50.608 1
24116 3665812 4CA92E IBK6775 6063 -0.4455400 39.5980200 31975.00 433.40 110.10 0.00 0 0 0 0 2017/01/05 16:01:42.883
04:13:51.609 1
24116 3665812 4CA92E IBK6775 6063 -0.4358100 39.5951400 31975.00 433.40 110.10 0.00 0 0 0 0 2017/01/05 16:01:42.883
04:13:52.609 1
24116 3665812 4CA92E IBK6775 6063 -0.4358100 39.5951400 31975.00 433.40 110.10 0.00 0 0 0 0 2017/01/05 16:01:42.883
04:13:53.610 1
24116 3665812 4CA92E IBK6775 6063 -0.4358100 39.5951400 31975.00 433.40 110.10 0.00 0 0 0 0 2017/01/05 16:01:42.883
04:13:54.611 1
24116 3665812 4CA92E IBK6775 6063 -0.4358100 39.5951400 31975.00 433.40 110.10 0.00 0 0 0 0 2017/01/05 16:01:42.883
04:13:55.611 1
24116 3665812 4CA92E IBK6775 6063 -0.4251200 39.5919300 31975.00 433.40 110.10 0.00 0 0 0 0 2017/01/05 16:01:42.883
04:13:56.613 1
24116 3665812 4CA92E IBK6775 6063 -0.4251200 39.5919300 31975.00 433.40 110.10 0.00 0 0 0 0 2017/01/05 16:01:42.883
04:13:57.613 1
24116 3665812 4CA92E IBK6775 6063 -0.4251200 39.5919300 31975.00 433.40 110.10 0.00 0 0 0 0 2017/01/05 16:01:42.883
04:13:58.613 1
24116 3665812 4CA92E IBK6775 6063 -0.4251200 39.5919300 31975.00 433.40 110.10 0.00 0 0 0 0 2017/01/05 16:01:42.883
04:13:59.614 1
24116 3665812 4CA92E IBK6775 6063 -0.4251200 39.5919300 31975.00 433.40 110.10 0.00 0 0 0 0 2017/01/05 16:01:42.883
04:14:00.615 1
24116 3665812 4CA92E IBK6775 6063 -0.4251200 39.5919300 31975.00 433.40 110.10 0.00 0 0 0 0 2017/01/05 16:01:42.883
04:14:01.616 1
24116 3665812 4CA92E IBK6775 6063 -0.4166300 39.5893700 31975.00 433.40 110.10 0.00 0 0 0 0 2017/01/05 16:01:42.883
04:14:02.618 1
24116 3665812 4CA92E IBK6775 6063 -0.4166300 39.5893700 31975.00 433.40 110.10 0.00 0 0 0 0 2017/01/05 16:01:42.883
04:14:03.619 1
24116 3665812 4CA92E IBK6775 6063 -0.4166300 39.5893700 31975.00 433.40 110.10 0.00 0 0 0 0 2017/01/05 16:01:42.883
04:14:04.620 1
24116 3665812 4CA92E IBK6775 6063 -0.4166300 39.5893700 31975.00 433.40 110.10 0.00 0 0 0 0 2017/01/05 16:01:42.883
04:14:05.621 1
24116 3665812 4CA92E IBK6775 6063 -0.4047000 39.5858000 31975.00 433.80 110.20 0.00 0 0 0 0 2017/01/05 16:01:42.883
04:14:06.623 1
24116 3665812 4CA92E IBK6775 6063 -0.4047000 39.5858000 31975.00 433.80 110.20 0.00 0 0 0 0 2017/01/05 16:01:42.883
04:14:07.624 1
24116 3665812 4CA92E IBK6775 6063 -0.4047000 39.5858000 31975.00 433.80 110.20 0.00 0 0 0 0 2017/01/05 16:01:42.883
04:14:08.624 1
24116 3665812 4CA92E IBK6775 6063 -0.4047000 39.5858000 31975.00 433.80 110.20 0.00 0 0 0 0 2017/01/05 16:01:42.883
04:14:09.626 1
24116 3665812 4CA92E IBK6775 6063 -0.3959300 39.5831900 31975.00 433.80 110.20 0.00 0 0 0 0 2017/01/05 16:01:42.883
04:14:10.626 1
24116 3665812 4CA92E IBK6775 6063 -0.3959300 39.5831900 31975.00 433.80 110.20 0.00 0 0 0 0 2017/01/05 16:01:42.883
04:14:11.628 1
24116 3665812 4CA92E IBK6775 6063 -0.3959300 39.5831900 31975.00 433.80 110.20 0.00 0 0 0 0 2017/01/05 16:01:42.883
04:14:12.629 1
24116 3665812 4CA92E IBK6775 6063 -0.3959300 39.5831900 31975.00 433.80 110.20 0.00 0 0 0 0 2017/01/05 16:01:42.883
04:14:13.629 1
24116 3665812 4CA92E IBK6775 6063 -0.3959300 39.5831900 31975.00 433.80 110.20 0.00 0 0 0 0 2017/01/05 16:01:42.883
04:14:14.630 1
24116 3665812 4CA92E IBK6775 6063 -0.3797000 39.5782900 32000.00 433.80 110.20 64.00 0 0 0 0 2017/01/05 16:01:42.883
04:14:15.631 1
24116 3665812 4CA92E IBK6775 6063 -0.3797000 39.5782900 32000.00 433.80 110.20 64.00 0 0 0 0 2017/01/05 16:01:42.883
04:14:16.632 1
24116 3665812 4CA92E IBK6775 6063 -0.3797000 39.5782900 32000.00 433.80 110.20 64.00 0 0 0 0 2017/01/05 16:01:42.883
04:14:17.633 1
24116 3665812 4CA92E IBK6775 6063 -0.3797000 39.5782900 32000.00 433.80 110.20 64.00 0 0 0 0 2017/01/05 16:01:42.883
04:14:18.633 1
24116 3665812 4CA92E IBK6775 6063 -0.3694500 39.5752700 32000.00 433.80 110.20 0.00 0 0 0 0 2017/01/05 16:01:42.883
04:14:19.634 1
24116 3665812 4CA92E IBK6775 6063 -0.3694500 39.5752700 32000.00 433.80 110.20 0.00 0 0 0 0 2017/01/05 16:01:42.883
04:14:20.634 1
24116 3665812 4CA92E IBK6775 6063 -0.3694500 39.5752700 32000.00 433.80 110.20 0.00 0 0 0 0 2017/01/05 16:01:42.883
04:14:21.635 1
24116 3665812 4CA92E IBK6775 6063 -0.3604600 39.5725700 32000.00 433.80 110.20 0.00 0 0 0 0 2017/01/05 16:01:42.883
04:14:22.636 1
24116 3665812 4CA92E IBK6775 6063 -0.3590300 39.5721100 32000.00 433.80 110.20 0.00 0 0 0 0 2017/01/05 16:01:42.883
04:14:23.637 1
24116 3665812 4CA92E IBK6775 6063 -0.3590300 39.5721100 32000.00 433.80 110.20 0.00 0 0 0 0 2017/01/05 16:01:42.883
04:14:24.638 1
24116 3665812 4CA92E IBK6775 6063 -0.3590300 39.5721100 32000.00 433.80 110.20 0.00 0 0 0 0 2017/01/05 16:01:42.883
04:14:25.638 1
24116 3665812 4CA92E IBK6775 6063 -0.3590300 39.5721100 32000.00 433.80 110.20 0.00 0 0 0 0 2017/01/05 16:01:42.883
04:14:26.639 1
24116 3665812 4CA92E IBK6775 6063 -0.3490000 39.5691200 32000.00 433.80 110.20 0.00 0 0 0 0 2017/01/05 16:01:42.883
04:14:27.641 1
24116 3665812 4CA92E IBK6775 6063 -0.3490000 39.5691200 32000.00 433.80 110.20 0.00 0 0 0 0 2017/01/05 16:01:42.883
04:14:28.643 1
24116 3665812 4CA92E IBK6775 6063 -0.3490000 39.5691200 32000.00 433.80 110.20 0.00 0 0 0 0 2017/01/05 16:01:42.883
04:14:29.645 1
24116 3665812 4CA92E IBK6775 6063 -0.3397800 39.5663300 32000.00 433.80 110.20 0.00 0 0 0 0 2017/01/05 16:01:42.883
04:14:30.647 1
24116 3665812 4CA92E IBK6775 6063 -0.3397800 39.5663300 32000.00 433.80 110.20 0.00 0 0 0 0 2017/01/05 16:01:42.883
04:14:31.649 1
24116 3665812 4CA92E IBK6775 6063 -0.3397800 39.5663300 32000.00 433.80 110.20 0.00 0 0 0 0 2017/01/05 16:01:42.883
04:14:32.650 1
24116 3665812 4CA92E IBK6775 6063 -0.3397800 39.5663300 32000.00 433.80 110.20 0.00 0 0 0 0 2017/01/05 16:01:42.883
04:14:33.652 1
24116 3665812 4CA92E IBK6775 6063 -0.3397800 39.5663300 32000.00 433.80 110.20 0.00 0 0 0 0 2017/01/05 16:01:42.883
04:14:34.653 1
24116 3665812 4CA92E IBK6775 6063 -0.3397800 39.5663300 32000.00 433.80 110.20 0.00 0 0 0 0 2017/01/05 16:01:42.883
04:14:35.654 1
24116 3665812 4CA92E IBK6775 6063 -0.3397800 39.5663300 32000.00 433.80 110.20 0.00 0 0 0 0 2017/01/05 16:01:42.883
04:14:36.654 1
24116 3665812 4CA92E IBK6775 6063 -0.3397800 39.5663300 32000.00 433.80 110.20 0.00 0 0 0 0 2017/01/05 16:01:42.883
04:14:37.655 1
24116 3665812 4CA92E IBK6775 6063 -0.3397800 39.5663300 32000.00 433.80 110.20 0.00 0 0 0 0 2017/01/05 16:01:42.883
04:14:38.656 1
24116 3665812 4CA92E IBK6775 6063 -0.3212900 39.5607900 32000.00 434.70 110.20 0.00 0 0 0 0 2017/01/05 16:01:42.883
04:14:39.658 1
24116 3665812 4CA92E IBK6775 6063 -0.3203100 39.5605100 31975.00 434.70 110.20 0.00 0 0 0 0 2017/01/05 16:01:42.883
04:14:40.659 1
24116 3665812 4CA92E IBK6775 6063 -0.3203100 39.5605100 31975.00 434.70 110.20 0.00 0 0 0 0 2017/01/05 16:01:42.883
04:14:41.659 1
24116 3665812 4CA92E IBK6775 6063 -0.3203100 39.5605100 31975.00 434.70 110.20 0.00 0 0 0 0 2017/01/05 16:01:42.883
04:14:42.660 1
24116 3665812 4CA92E IBK6775 6063 -0.3203100 39.5605100 31975.00 434.70 110.20 0.00 0 0 0 0 2017/01/05 16:01:42.883
04:14:43.662 1
24116 3665812 4CA92E IBK6775 6063 -0.3098300 39.5573300 32000.00 434.70 110.20 0.00 0 0 0 0 2017/01/05 16:01:42.883
04:14:44.663 1
24116 3665812 4CA92E IBK6775 6063 -0.3098300 39.5573300 32000.00 434.70 110.20 0.00 0 0 0 0 2017/01/05 16:01:42.883
04:14:45.664 1
24116 3665812 4CA92E IBK6775 6063 -0.3098300 39.5573300 32000.00 434.70 110.20 0.00 0 0 0 0 2017/01/05 16:01:42.883
04:14:46.664 1
24116 3665812 4CA92E IBK6775 6063 -0.3098300 39.5573300 32000.00 434.70 110.20 0.00 0 0 0 0 2017/01/05 16:01:42.883
04:14:47.665 1
24116 3665812 4CA92E IBK6775 6063 -0.3098300 39.5573300 32000.00 434.70 110.20 0.00 0 0 0 0 2017/01/05 16:01:42.883
04:14:48.666 1
24116 3665812 4CA92E IBK6775 6063 -0.3098300 39.5573300 32000.00 434.70 110.20 0.00 0 0 0 0 2017/01/05 16:01:42.883
04:14:49.667 1
24116 3665812 4CA92E IBK6775 6063 -0.3098300 39.5573300 32000.00 434.70 110.20 0.00 0 0 0 0 2017/01/05 16:01:42.883
04:14:50.668 1
24116 3665812 4CA92E IBK6775 6063 -0.3098300 39.5573300 32000.00 434.70 110.20 0.00 0 0 0 0 2017/01/05 16:01:42.883
04:14:51.670 1
24116 3665812 4CA92E IBK6775 6063 -0.3098300 39.5573300 32000.00 434.70 110.20 0.00 0 0 0 0 2017/01/05 16:01:42.883
04:14:52.671 1
24116 3665812 4CA92E IBK6775 6063 -0.3098300 39.5573300 32000.00 434.70 110.20 0.00 0 0 0 0 2017/01/05 16:01:42.883
04:14:53.671 1
24116 3665812 4CA92E IBK6775 6063 -0.3098300 39.5573300 32000.00 434.70 110.20 0.00 0 0 0 0 2017/01/05 16:01:42.883
04:14:54.672 1
24116 3665812 4CA92E IBK6775 6063 -0.3098300 39.5573300 32000.00 438.80 111.20 0.00 0 0 0 0 2017/01/05 16:01:42.883
04:14:55.673 1
24116 3665812 4CA92E IBK6775 6063 -0.3098300 39.5573300 32000.00 438.80 111.20 0.00 0 0 0 0 2017/01/05 16:01:42.883
04:14:56.674 1
24116 3665812 4CA92E IBK6775 6063 -0.3098300 39.5573300 32000.00 438.80 111.20 0.00 0 0 0 0 2017/01/05 16:01:42.883
04:14:57.674 1
24116 3665812 4CA92E IBK6775 6063 -0.2771100 39.5475300 32000.00 438.80 111.20 0.00 0 0 0 0 2017/01/05 16:01:42.883
04:14:58.676 1
24116 3665812 4CA92E IBK6775 6063 -0.2771100 39.5475300 32000.00 438.80 111.20 0.00 0 0 0 0 2017/01/05 16:01:42.883
04:14:59.676 1
24116 3665812 4CA92E IBK6775 6063 -0.2771100 39.5475300 32000.00 438.80 111.20 0.00 0 0 0 0 2017/01/05 16:01:42.883
04:15:00.677 1
24116 3665812 4CA92E IBK6775 6063 -0.2771100 39.5475300 32000.00 438.80 111.20 0.00 0 0 0 0 2017/01/05 16:01:42.883
04:15:01.678 1
24116 3665812 4CA92E IBK6775 6063 -0.2684900 39.5449200 32000.00 439.80 111.20 0.00 0 0 0 0 2017/01/05 16:01:42.883
04:15:02.680 1
24116 3665812 4CA92E IBK6775 6063 -0.2673100 39.5445600 32000.00 439.80 111.20 0.00 0 0 0 0 2017/01/05 16:01:42.883
04:15:03.681 1
24116 3665812 4CA92E IBK6775 6063 -0.2673100 39.5445600 32000.00 439.80 111.20 0.00 0 0 0 0 2017/01/05 16:01:42.883
04:15:04.681 1
24116 3665812 4CA92E IBK6775 6063 -0.2673100 39.5445600 32000.00 439.80 111.20 0.00 0 0 0 0 2017/01/05 16:01:42.883
04:15:05.682 1
24116 3665812 4CA92E IBK6775 6063 -0.2673100 39.5445600 32000.00 439.80 111.20 0.00 0 0 0 0 2017/01/05 16:01:42.883
04:15:06.682 1
24116 3665812 4CA92E IBK6775 6063 -0.2673100 39.5445600 32000.00 439.80 111.20 0.00 0 0 0 0 2017/01/05 16:01:42.883
04:15:07.683 1
24116 3665812 4CA92E IBK6775 6063 -0.2673100 39.5445600 32000.00 439.80 111.20 0.00 0 0 0 0 2017/01/05 16:01:42.883
04:15:08.685 1
24116 3665812 4CA92E IBK6775 6063 -0.2673100 39.5445600 32000.00 439.80 111.20 0.00 0 0 0 0 2017/01/05 16:01:42.883
04:15:09.686 1
24116 3665812 4CA92E IBK6775 6063 -0.2673100 39.5445600 32000.00 439.80 111.20 0.00 0 0 0 0 2017/01/05 16:01:42.883
04:15:10.687 1
24116 3665812 4CA92E IBK6775 6063 -0.2429800 39.5372300 32000.00 439.80 111.20 0.00 0 0 0 0 2017/01/05 16:01:42.883
04:15:11.689 1
24116 3665812 4CA92E IBK6775 6063 -0.2429800 39.5372300 32000.00 441.00 111.30 0.00 0 0 0 0 2017/01/05 16:01:42.883
04:15:12.689 1
24116 3665812 4CA92E IBK6775 6063 -0.2429800 39.5372300 32000.00 441.00 111.30 0.00 0 0 0 0 2017/01/05 16:01:42.883
04:15:13.693 1
24116 3665812 4CA92E IBK6775 6063 -0.2429800 39.5372300 32000.00 441.00 111.30 0.00 0 0 0 0 2017/01/05 16:01:42.883
04:15:14.693 1
24116 3665812 4CA92E IBK6775 6063 -0.2429800 39.5372300 32000.00 441.00 111.30 0.00 0 0 0 0 2017/01/05 16:01:42.883
04:15:15.694 1
24116 3665812 4CA92E IBK6775 6063 -0.2429800 39.5372300 32000.00 441.00 111.30 0.00 0 0 0 0 2017/01/05 16:01:42.883
04:15:16.696 1
24116 3665812 4CA92E IBK6775 6063 -0.2429800 39.5372300 32000.00 441.00 111.30 0.00 0 0 0 0 2017/01/05 16:01:42.883
04:15:17.696 1
24116 3665812 4CA92E IBK6775 6063 -0.2429800 39.5372300 32000.00 441.00 111.30 0.00 0 0 0 0 2017/01/05 16:01:42.883
04:15:18.698 1
24116 3665812 4CA92E IBK6775 6063 -0.2429800 39.5372300 32000.00 441.00 111.30 0.00 0 0 0 0 2017/01/05 16:01:42.883
04:15:19.698 1
24116 3665812 4CA92E IBK6775 6063 -0.2429800 39.5372300 32000.00 442.30 111.30 0.00 0 0 0 0 2017/01/05 16:01:42.883
04:15:20.698 1
24116 3665812 4CA92E IBK6775 6063 -0.2429800 39.5372300 32000.00 442.30 111.30 0.00 0 0 0 0 2017/01/05 16:01:42.883
04:15:21.699 1
24116 3665812 4CA92E IBK6775 6063 -0.2429800 39.5372300 32000.00 442.30 111.30 0.00 0 0 0 0 2017/01/05 16:01:42.883
04:15:22.699 1
24116 3665812 4CA92E IBK6775 6063 -0.2429800 39.5372300 32000.00 442.30 111.30 0.00 0 0 0 0 2017/01/05 16:01:42.883
04:15:23.701 1
24116 3665812 4CA92E IBK6775 6063 -0.2429800 39.5372300 32000.00 442.30 111.30 0.00 0 0 0 0 2017/01/05 16:01:42.883
04:15:24.702 1
24116 3665812 4CA92E IBK6775 6063 -0.2429800 39.5372300 32000.00 442.30 111.30 0.00 0 0 0 0 2017/01/05 16:01:42.883
04:15:25.702 1
24116 3665812 4CA92E IBK6775 6063 -0.2429800 39.5372300 32000.00 442.30 111.30 0.00 0 0 0 0 2017/01/05 16:01:42.883
04:15:26.703 1
24116 3665812 4CA92E IBK6775 6063 -0.2429800 39.5372300 32000.00 442.30 111.30 0.00 0 0 0 0 2017/01/05 16:01:42.883
04:15:27.703 1
24116 3665812 4CA92E IBK6775 6063 -0.2429800 39.5372300 32000.00 442.30 111.30 0.00 0 0 0 0 2017/01/05 16:01:42.883
04:15:28.705 1
24116 3665812 4CA92E IBK6775 6063 -0.2006800 39.5244300 32000.00 442.30 111.30 0.00 0 0 0 0 2017/01/05 16:01:42.883
