05-Jan-2017
04:07:31.292 1
2179 3665771 48418C KLM37W 2104 -0.3068700 39.9387000 12000.00 335.90 197.10 -384.00 0 0 0 0 2017/01/05 15:58:54.758
04:07:32.293 1
2179 3665771 48418C KLM37W 2104 -0.3068700 39.9387000 12000.00 335.90 197.10 -384.00 0 0 0 0 2017/01/05 15:58:54.758
04:07:33.297 1
2179 3665771 48418C KLM37W 2104 -0.3068700 39.9387000 12000.00 335.90 197.10 -384.00 0 0 0 0 2017/01/05 15:58:54.758
04:07:34.298 1
2179 3665771 48418C KLM37W 2104 -0.3092400 39.9332100 12000.00 339.50 196.80 128.00 0 0 0 0 2017/01/05 15:58:54.758
04:07:35.299 1
2179 3665771 48418C KLM37W 2104 -0.3098100 39.9324600 12000.00 339.50 196.80 128.00 0 0 0 0 2017/01/05 15:58:54.758
04:07:36.299 1
2179 3665771 48418C KLM37W 2104 -0.3098100 39.9324600 12000.00 339.50 196.80 128.00 0 0 0 0 2017/01/05 15:58:54.758
04:07:37.299 1
2179 3665771 48418C KLM37W 2104 -0.3098100 39.9324600 12000.00 339.50 196.80 128.00 0 0 0 0 2017/01/05 15:58:54.758
04:07:38.301 1
2179 3665771 48418C KLM37W 2104 -0.3098100 39.9324600 12000.00 339.50 196.80 128.00 0 0 0 0 2017/01/05 15:58:54.758
04:07:39.301 1
2179 3665771 48418C KLM37W 2104 -0.3115500 39.9266000 12000.00 335.00 196.70 -256.00 0 0 0 0 2017/01/05 15:58:54.758
04:07:40.303 1
2179 3665771 48418C KLM37W 2104 -0.3115500 39.9266000 12000.00 335.00 196.70 -256.00 0 0 0 0 2017/01/05 15:58:54.758
04:07:41.303 1
2179 3665771 48418C KLM37W 2104 -0.3115500 39.9266000 12000.00 335.00 196.70 -256.00 0 0 0 0 2017/01/05 15:58:54.758
04:07:42.303 1
2179 3665771 48418C KLM37W 2104 -0.3115500 39.9266000 12000.00 335.00 196.70 -256.00 0 0 0 0 2017/01/05 15:58:54.758
04:07:43.304 1
2179 3665771 48418C KLM37W 2104 -0.3115500 39.9266000 12000.00 335.00 196.70 -256.00 0 0 0 0 2017/01/05 15:58:54.758
04:07:44.305 1
2179 3665771 48418C KLM37W 2104 -0.3115500 39.9266000 12000.00 335.00 196.70 -256.00 0 0 0 0 2017/01/05 15:58:54.758
04:07:45.307 1
2179 3665771 48418C KLM37W 2104 -0.3150000 39.9177500 11925.00 323.00 196.90 -704.00 0 0 0 0 2017/01/05 15:58:54.758
04:07:46.307 1
2179 3665771 48418C KLM37W 2104 -0.3150000 39.9177500 11925.00 323.00 196.90 -704.00 0 0 0 0 2017/01/05 15:58:54.758
04:07:47.308 1
2179 3665771 48418C KLM37W 2104 -0.3150000 39.9177500 11925.00 323.00 196.90 -704.00 0 0 0 0 2017/01/05 15:58:54.758
04:07:48.308 1
2179 3665771 48418C KLM37W 2104 -0.3150000 39.9177500 11925.00 323.00 196.90 -704.00 0 0 0 0 2017/01/05 15:58:54.758
04:07:49.309 1
2179 3665771 48418C KLM37W 2104 -0.3173200 39.9119800 11900.00 320.10 197.10 -256.00 0 0 0 0 2017/01/05 15:58:54.758
04:07:50.309 1
2179 3665771 48418C KLM37W 2104 -0.3173200 39.9119800 11900.00 320.10 197.10 -256.00 0 0 0 0 2017/01/05 15:58:54.758
04:07:51.310 1
2179 3665771 48418C KLM37W 2104 -0.3173200 39.9119800 11900.00 320.10 197.10 -256.00 0 0 0 0 2017/01/05 15:58:54.758
04:07:52.310 1
2179 3665771 48418C KLM37W 2104 -0.3173200 39.9119800 11900.00 320.10 197.10 -256.00 0 0 0 0 2017/01/05 15:58:54.758
04:07:53.310 1
2179 3665771 48418C KLM37W 2104 -0.3201000 39.9060100 11875.00 323.60 196.70 -448.00 0 0 0 0 2017/01/05 15:58:54.758
04:07:54.315 1
2179 3665771 48418C KLM37W 2104 -0.3201000 39.9060100 11875.00 323.60 196.70 -448.00 0 0 0 0 2017/01/05 15:58:54.758
04:07:55.315 1
2179 3665771 48418C KLM37W 2104 -0.3201000 39.9060100 11875.00 323.60 196.70 -448.00 0 0 0 0 2017/01/05 15:58:54.758
04:07:56.316 1
2179 3665771 48418C KLM37W 2104 -0.3201000 39.9060100 11875.00 323.60 196.70 -448.00 0 0 0 0 2017/01/05 15:58:54.758
04:07:57.317 1
2179 3665771 48418C KLM37W 2104 -0.3201000 39.9060100 11875.00 323.60 196.70 -448.00 0 0 0 0 2017/01/05 15:58:54.758
04:07:58.317 1
2179 3665771 48418C KLM37W 2104 -0.3201000 39.9060100 11875.00 323.60 196.70 -448.00 0 0 0 0 2017/01/05 15:58:54.758
04:07:59.318 1
2179 3665771 48418C KLM37W 2104 -0.3201000 39.9060100 11875.00 323.60 196.70 -448.00 0 0 0 0 2017/01/05 15:58:54.758
04:08:00.319 1
2179 3665771 48418C KLM37W 2104 -0.3201000 39.9060100 11875.00 323.60 196.70 -448.00 0 0 0 0 2017/01/05 15:58:54.758
04:08:01.319 1
2179 3665771 48418C KLM37W 2104 -0.3201000 39.9060100 11875.00 323.60 196.70 -448.00 0 0 0 0 2017/01/05 15:58:54.758
04:08:02.319 1
2179 3665771 48418C KLM37W 2104 -0.3201000 39.9060100 11875.00 323.60 196.70 -448.00 0 0 0 0 2017/01/05 15:58:54.758
04:08:03.320 1
2179 3665771 48418C KLM37W 2104 -0.3201000 39.9060100 11875.00 323.60 196.70 -448.00 0 0 0 0 2017/01/05 15:58:54.758
04:08:04.320 1
2179 3665771 48418C KLM37W 2104 -0.3201000 39.9060100 11875.00 323.60 196.70 -448.00 0 0 0 0 2017/01/05 15:58:54.758
04:08:05.322 1
2179 3665771 48418C KLM37W 2104 -0.3201000 39.9060100 11875.00 323.60 196.70 -448.00 0 0 0 0 2017/01/05 15:58:54.758
04:08:06.322 1
2179 3665771 48418C KLM37W 2104 -0.3201000 39.9060100 11875.00 323.60 196.70 -448.00 0 0 0 0 2017/01/05 15:58:54.758
04:08:07.322 1
2179 3665771 48418C KLM37W 2104 -0.3201000 39.9060100 11875.00 323.60 196.70 -448.00 0 0 0 0 2017/01/05 15:58:54.758
04:08:08.322 1
2179 3665771 48418C KLM37W 2104 -0.3201000 39.9060100 11875.00 323.60 196.70 -448.00 0 0 0 0 2017/01/05 15:58:54.758
04:08:09.323 1
2179 3665771 48418C KLM37W 2104 -0.3201000 39.9060100 11875.00 323.60 196.70 -448.00 0 0 0 0 2017/01/05 15:58:54.758
04:08:10.324 1
2179 3665771 48418C KLM37W 2104 -0.3201000 39.9060100 11875.00 323.60 196.70 -448.00 0 0 0 0 2017/01/05 15:58:54.758
04:08:11.324 1
2179 3665771 48418C KLM37W 2104 -0.3284300 39.8836300 11575.00 317.60 196.80 -1088.00 0 0 0 0 2017/01/05 15:58:54.758
04:08:12.325 1
2179 3665771 48418C KLM37W 2104 -0.3284300 39.8836300 11575.00 317.60 196.80 -1088.00 0 0 0 0 2017/01/05 15:58:54.758
04:08:13.326 1
2179 3665771 48418C KLM37W 2104 -0.3284300 39.8836300 11575.00 317.60 196.80 -1088.00 0 0 0 0 2017/01/05 15:58:54.758
04:08:14.327 1
2179 3665771 48418C KLM37W 2104 -0.3306300 39.8779000 11475.00 317.30 196.70 -1728.00 0 0 0 0 2017/01/05 15:58:54.758
04:08:15.327 1
2179 3665771 48418C KLM37W 2104 -0.3306300 39.8779000 11475.00 317.30 196.70 -1728.00 0 0 0 0 2017/01/05 15:58:54.758
04:08:16.328 1
2179 3665771 48418C KLM37W 2104 -0.3306300 39.8779000 11475.00 317.30 196.70 -1728.00 0 0 0 0 2017/01/05 15:58:54.758
04:08:17.329 1
2179 3665771 48418C KLM37W 2104 -0.3306300 39.8779000 11475.00 317.30 196.70 -1728.00 0 0 0 0 2017/01/05 15:58:54.758
04:08:18.330 1
2179 3665771 48418C KLM37W 2104 -0.3306300 39.8779000 11475.00 317.30 196.70 -1728.00 0 0 0 0 2017/01/05 15:58:54.758
04:08:19.330 1
2179 3665771 48418C KLM37W 2104 -0.3345500 39.8682900 11275.00 317.60 196.80 -1664.00 0 0 0 0 2017/01/05 15:58:54.758
04:08:20.330 1
2179 3665771 48418C KLM37W 2104 -0.3351400 39.8676600 11250.00 317.60 196.80 -1664.00 0 0 0 0 2017/01/05 15:58:54.758
04:08:21.332 1
2179 3665771 48418C KLM37W 2104 -0.3351400 39.8676600 11250.00 317.60 196.80 -1664.00 0 0 0 0 2017/01/05 15:58:54.758
04:08:22.333 1
2179 3665771 48418C KLM37W 2104 -0.3351400 39.8676600 11250.00 317.60 196.80 -1664.00 0 0 0 0 2017/01/05 15:58:54.758
04:08:23.334 1
2179 3665771 48418C KLM37W 2104 -0.3351400 39.8676600 11250.00 317.60 196.80 -1664.00 0 0 0 0 2017/01/05 15:58:54.758
04:08:24.334 1
2179 3665771 48418C KLM37W 2104 -0.3372800 39.8621700 11150.00 317.60 196.80 -1536.00 0 0 0 0 2017/01/05 15:58:54.758
04:08:25.335 1
2179 3665771 48418C KLM37W 2104 -0.3372800 39.8621700 11150.00 317.60 196.80 -1536.00 0 0 0 0 2017/01/05 15:58:54.758
04:08:26.335 1
2179 3665771 48418C KLM37W 2104 -0.3372800 39.8621700 11150.00 317.60 196.80 -1536.00 0 0 0 0 2017/01/05 15:58:54.758
04:08:27.338 1
2179 3665771 48418C KLM37W 2104 -0.3372800 39.8621700 11150.00 317.60 196.80 -1536.00 0 0 0 0 2017/01/05 15:58:54.758
04:08:28.339 1
2179 3665771 48418C KLM37W 2104 -0.3389600 39.8570300 11075.00 316.40 196.70 -1536.00 0 0 0 0 2017/01/05 15:58:54.758
04:08:29.339 1
2179 3665771 48418C KLM37W 2104 -0.3389600 39.8570300 11075.00 316.40 196.70 -1536.00 0 0 0 0 2017/01/05 15:58:54.758
04:08:30.340 1
2179 3665771 48418C KLM37W 2104 -0.3389600 39.8570300 11075.00 316.40 196.70 -1536.00 0 0 0 0 2017/01/05 15:58:54.758
04:08:31.341 1
2179 3665771 48418C KLM37W 2104 -0.3389600 39.8570300 11075.00 316.40 196.70 -1536.00 0 0 0 0 2017/01/05 15:58:54.758
04:08:32.343 1
2179 3665771 48418C KLM37W 2104 -0.3417400 39.8509500 10950.00 316.40 196.70 -1600.00 0 0 0 0 2017/01/05 15:58:54.758
04:08:33.343 1
2179 3665771 48418C KLM37W 2104 -0.3417400 39.8509500 10950.00 316.40 196.70 -1600.00 0 0 0 0 2017/01/05 15:58:54.758
04:08:34.345 1
2179 3665771 48418C KLM37W 2104 -0.3417400 39.8509500 10950.00 316.40 196.70 -1600.00 0 0 0 0 2017/01/05 15:58:54.758
04:08:35.346 1
2179 3665771 48418C KLM37W 2104 -0.3417400 39.8509500 10950.00 316.40 196.70 -1600.00 0 0 0 0 2017/01/05 15:58:54.758
04:08:36.346 1
2179 3665771 48418C KLM37W 2104 -0.3438700 39.8453600 10850.00 307.80 197.20 -1600.00 0 0 0 0 2017/01/05 15:58:54.758
04:08:37.347 1
2179 3665771 48418C KLM37W 2104 -0.3438700 39.8453600 10850.00 307.80 197.20 -1600.00 0 0 0 0 2017/01/05 15:58:54.758
04:08:38.348 1
2179 3665771 48418C KLM37W 2104 -0.3438700 39.8453600 10850.00 307.80 197.20 -1600.00 0 0 0 0 2017/01/05 15:58:54.758
04:08:39.350 1
2179 3665771 48418C KLM37W 2104 -0.3438700 39.8453600 10850.00 307.80 197.20 -1600.00 0 0 0 0 2017/01/05 15:58:54.758
04:08:40.350 1
2179 3665771 48418C KLM37W 2104 -0.3438700 39.8453600 10850.00 307.80 197.20 -1600.00 0 0 0 0 2017/01/05 15:58:54.758
04:08:41.351 1
2179 3665771 48418C KLM37W 2104 -0.3455300 39.8401300 10750.00 306.80 197.30 -1664.00 0 0 0 0 2017/01/05 15:58:54.758
04:08:42.352 1
2179 3665771 48418C KLM37W 2104 -0.3455300 39.8401300 10750.00 306.80 197.30 -1664.00 0 0 0 0 2017/01/05 15:58:54.758
04:08:43.353 1
2179 3665771 48418C KLM37W 2104 -0.3455300 39.8401300 10750.00 306.80 197.30 -1664.00 0 0 0 0 2017/01/05 15:58:54.758
04:08:44.353 1
2179 3665771 48418C KLM37W 2104 -0.3455300 39.8401300 10750.00 306.80 197.30 -1664.00 0 0 0 0 2017/01/05 15:58:54.758
04:08:45.354 1
2179 3665771 48418C KLM37W 2104 -0.3477400 39.8342300 10625.00 306.50 197.10 -1856.00 0 0 0 0 2017/01/05 15:58:54.758
04:08:46.354 1
2179 3665771 48418C KLM37W 2104 -0.3477400 39.8342300 10625.00 306.50 197.10 -1856.00 0 0 0 0 2017/01/05 15:58:54.758
04:08:47.355 1
2179 3665771 48418C KLM37W 2104 -0.3477400 39.8342300 10625.00 306.50 197.10 -1856.00 0 0 0 0 2017/01/05 15:58:54.758
04:08:48.355 1
2179 3665771 48418C KLM37W 2104 -0.3477400 39.8342300 10625.00 306.50 197.10 -1856.00 0 0 0 0 2017/01/05 15:58:54.758
04:08:49.356 1
2179 3665771 48418C KLM37W 2104 -0.3512600 39.8263100 10450.00 306.30 200.40 -1920.00 0 0 0 0 2017/01/05 15:58:54.758
04:08:50.356 1
2179 3665771 48418C KLM37W 2104 -0.3512600 39.8263100 10450.00 306.30 200.40 -1920.00 0 0 0 0 2017/01/05 15:58:54.758
04:08:51.357 1
2179 3665771 48418C KLM37W 2104 -0.3512600 39.8263100 10450.00 306.30 200.40 -1920.00 0 0 0 0 2017/01/05 15:58:54.758
04:08:52.357 1
2179 3665771 48418C KLM37W 2104 -0.3512600 39.8263100 10450.00 306.30 200.40 -1920.00 0 0 0 0 2017/01/05 15:58:54.758
04:08:53.358 1
2179 3665771 48418C KLM37W 2104 -0.3512600 39.8263100 10450.00 306.30 200.40 -1920.00 0 0 0 0 2017/01/05 15:58:54.758
04:08:54.359 1
2179 3665771 48418C KLM37W 2104 -0.3550400 39.8197600 10300.00 305.50 207.50 -1664.00 0 0 0 0 2017/01/05 15:58:54.758
04:08:55.360 1
2179 3665771 48418C KLM37W 2104 -0.3550400 39.8197600 10300.00 305.50 207.50 -1664.00 0 0 0 0 2017/01/05 15:58:54.758
04:08:56.360 1
2179 3665771 48418C KLM37W 2104 -0.3550400 39.8197600 10300.00 305.50 207.50 -1664.00 0 0 0 0 2017/01/05 15:58:54.758
04:08:57.360 1
2179 3665771 48418C KLM37W 2104 -0.3550400 39.8197600 10300.00 305.50 207.50 -1664.00 0 0 0 0 2017/01/05 15:58:54.758
04:08:58.362 1
2179 3665771 48418C KLM37W 2104 -0.3587600 39.8152400 10200.00 305.40 212.70 -1728.00 0 0 0 0 2017/01/05 15:58:54.758
04:08:59.362 1
2179 3665771 48418C KLM37W 2104 -0.3587600 39.8145500 10175.00 305.40 212.70 -1728.00 0 0 0 0 2017/01/05 15:58:54.758
04:09:00.362 1
2179 3665771 48418C KLM37W 2104 -0.3587600 39.8145500 10175.00 305.40 212.70 -1728.00 0 0 0 0 2017/01/05 15:58:54.758
04:09:01.363 1
2179 3665771 48418C KLM37W 2104 -0.3587600 39.8145500 10175.00 305.40 212.70 -1728.00 0 0 0 0 2017/01/05 15:58:54.758
04:09:02.363 1
2179 3665771 48418C KLM37W 2104 -0.3629800 39.8099800 10075.00 304.30 217.90 -1408.00 0 0 0 0 2017/01/05 15:58:54.758
04:09:03.365 1
2179 3665771 48418C KLM37W 2104 -0.3629800 39.8099800 10075.00 304.30 217.90 -1408.00 0 0 0 0 2017/01/05 15:58:54.758
04:09:04.367 1
2179 3665771 48418C KLM37W 2104 -0.3629800 39.8099800 10075.00 304.30 217.90 -1408.00 0 0 0 0 2017/01/05 15:58:54.758
04:09:05.367 1
2179 3665771 48418C KLM37W 2104 -0.3629800 39.8099800 10075.00 304.30 217.90 -1408.00 0 0 0 0 2017/01/05 15:58:54.758
04:09:06.368 1
2179 3665771 48418C KLM37W 2104 -0.3677400 39.8057000 10000.00 308.80 221.80 -1280.00 0 0 0 0 2017/01/05 15:58:54.758
04:09:07.369 1
2179 3665771 48418C KLM37W 2104 -0.3677400 39.8057000 10000.00 308.80 221.80 -1280.00 0 0 0 0 2017/01/05 15:58:54.758
04:09:08.369 1
2179 3665771 48418C KLM37W 2104 -0.3677400 39.8057000 10000.00 308.80 221.80 -1280.00 0 0 0 0 2017/01/05 15:58:54.758
04:09:09.369 1
2179 3665771 48418C KLM37W 2104 -0.3677400 39.8057000 10000.00 308.80 221.80 -1280.00 0 0 0 0 2017/01/05 15:58:54.758
04:09:10.369 1
2179 3665771 48418C KLM37W 2104 -0.3729200 39.8015600 9900.00 306.30 226.50 -1344.00 0 0 0 0 2017/01/05 15:58:54.758
04:09:11.370 1
2179 3665771 48418C KLM37W 2104 -0.3729200 39.8015600 9900.00 306.30 226.50 -1344.00 0 0 0 0 2017/01/05 15:58:54.758
04:09:12.371 1
2179 3665771 48418C KLM37W 2104 -0.3729200 39.8015600 9900.00 306.30 226.50 -1344.00 0 0 0 0 2017/01/05 15:58:54.758
04:09:13.372 1
2179 3665771 48418C KLM37W 2104 -0.3729200 39.8015600 9900.00 306.30 226.50 -1344.00 0 0 0 0 2017/01/05 15:58:54.758
04:09:14.372 1
2179 3665771 48418C KLM37W 2104 -0.3729200 39.8015600 9900.00 306.30 226.50 -1344.00 0 0 0 0 2017/01/05 15:58:54.758
04:09:15.373 1
2179 3665771 48418C KLM37W 2104 -0.3784200 39.7978300 9800.00 305.00 231.00 -1472.00 0 0 0 0 2017/01/05 15:58:54.758
04:09:16.374 1
2179 3665771 48418C KLM37W 2104 -0.3784200 39.7978300 9800.00 305.00 231.00 -1472.00 0 0 0 0 2017/01/05 15:58:54.758
04:09:17.374 1
2179 3665771 48418C KLM37W 2104 -0.3784200 39.7978300 9800.00 305.00 231.00 -1472.00 0 0 0 0 2017/01/05 15:58:54.758
04:09:18.376 1
2179 3665771 48418C KLM37W 2104 -0.3784200 39.7978300 9800.00 305.00 231.00 -1472.00 0 0 0 0 2017/01/05 15:58:54.758
04:09:19.376 1
2179 3665771 48418C KLM37W 2104 -0.3784200 39.7978300 9800.00 305.00 231.00 -1472.00 0 0 0 0 2017/01/05 15:58:54.758
04:09:20.377 1
2179 3665771 48418C KLM37W 2104 -0.3843400 39.7946200 9725.00 297.90 237.10 -1216.00 0 0 0 0 2017/01/05 15:58:54.758
04:09:21.377 1
2179 3665771 48418C KLM37W 2104 -0.3843400 39.7946200 9725.00 297.90 237.10 -1216.00 0 0 0 0 2017/01/05 15:58:54.758
04:09:22.378 1
2179 3665771 48418C KLM37W 2104 -0.3843400 39.7946200 9725.00 297.90 237.10 -1216.00 0 0 0 0 2017/01/05 15:58:54.758
04:09:23.379 1
2179 3665771 48418C KLM37W 2104 -0.3843400 39.7946200 9725.00 297.90 237.10 -1216.00 0 0 0 0 2017/01/05 15:58:54.758
04:09:24.379 1
2179 3665771 48418C KLM37W 2104 -0.3843400 39.7946200 9725.00 297.90 237.10 -1216.00 0 0 0 0 2017/01/05 15:58:54.758
04:09:25.381 1
2179 3665771 48418C KLM37W 2104 -0.3843400 39.7946200 9725.00 297.90 237.10 -1216.00 0 0 0 0 2017/01/05 15:58:54.758
04:09:26.383 1
2179 3665771 48418C KLM37W 2104 -0.3843400 39.7946200 9725.00 297.90 237.10 -1216.00 0 0 0 0 2017/01/05 15:58:54.758
04:09:27.383 1
2179 3665771 48418C KLM37W 2104 -0.3843400 39.7946200 9725.00 297.90 237.10 -1216.00 0 0 0 0 2017/01/05 15:58:54.758
04:09:28.383 1
2179 3665771 48418C KLM37W 2104 -0.3843400 39.7946200 9725.00 297.90 237.10 -1216.00 0 0 0 0 2017/01/05 15:58:54.758
04:09:29.385 1
2179 3665771 48418C KLM37W 2104 -0.3996600 39.7872700 9500.00 297.90 237.10 -1216.00 0 0 0 0 2017/01/05 15:58:54.758
04:09:30.385 1
2179 3665771 48418C KLM37W 2104 -0.3996600 39.7872700 9500.00 297.90 237.10 -1216.00 0 0 0 0 2017/01/05 15:58:54.758
04:09:31.387 1
2179 3665771 48418C KLM37W 2104 -0.3996600 39.7872700 9500.00 297.90 237.10 -1216.00 0 0 0 0 2017/01/05 15:58:54.758
04:09:32.388 1
2179 3665771 48418C KLM37W 2104 -0.3996600 39.7872700 9500.00 297.90 237.10 -1216.00 0 0 0 0 2017/01/05 15:58:54.758
04:09:33.390 1
2179 3665771 48418C KLM37W 2104 -0.4058800 39.7845700 9400.00 296.90 240.30 -1536.00 0 0 0 0 2017/01/05 15:58:54.758
04:09:34.391 1
2179 3665771 48418C KLM37W 2104 -0.4058800 39.7845700 9400.00 296.90 240.30 -1536.00 0 0 0 0 2017/01/05 15:58:54.758
04:09:35.392 1
2179 3665771 48418C KLM37W 2104 -0.4058800 39.7845700 9400.00 296.90 240.30 -1536.00 0 0 0 0 2017/01/05 15:58:54.758
04:09:36.392 1
2179 3665771 48418C KLM37W 2104 -0.4058800 39.7845700 9400.00 296.90 240.30 -1536.00 0 0 0 0 2017/01/05 15:58:54.758
04:09:37.392 1
2179 3665771 48418C KLM37W 2104 -0.4058800 39.7845700 9400.00 296.90 240.30 -1536.00 0 0 0 0 2017/01/05 15:58:54.758
04:09:38.393 1
2179 3665771 48418C KLM37W 2104 -0.4119900 39.7819100 9300.00 296.80 240.80 -1664.00 0 0 0 0 2017/01/05 15:58:54.758
04:09:39.394 1
2179 3665771 48418C KLM37W 2104 -0.4119900 39.7819100 9300.00 296.80 240.80 -1664.00 0 0 0 0 2017/01/05 15:58:54.758
04:09:40.394 1
2179 3665771 48418C KLM37W 2104 -0.4119900 39.7819100 9300.00 296.80 240.80 -1664.00 0 0 0 0 2017/01/05 15:58:54.758
04:09:41.395 1
2179 3665771 48418C KLM37W 2104 -0.4182700 39.7792100 9200.00 296.70 241.20 -1664.00 0 0 0 0 2017/01/05 15:58:54.758
04:09:42.396 1
2179 3665771 48418C KLM37W 2104 -0.4182700 39.7792100 9200.00 296.70 241.20 -1664.00 0 0 0 0 2017/01/05 15:58:54.758
04:09:43.398 1
2179 3665771 48418C KLM37W 2104 -0.4182700 39.7792100 9200.00 296.70 241.20 -1664.00 0 0 0 0 2017/01/05 15:58:54.758
04:09:44.398 1
2179 3665771 48418C KLM37W 2104 -0.4182700 39.7792100 9200.00 296.70 241.20 -1664.00 0 0 0 0 2017/01/05 15:58:54.758
04:09:45.399 1
2179 3665771 48418C KLM37W 2104 -0.4182700 39.7792100 9200.00 296.70 241.20 -1664.00 0 0 0 0 2017/01/05 15:58:54.758
04:09:46.399 1
2179 3665771 48418C KLM37W 2104 -0.4260800 39.7764600 9075.00 296.70 241.20 -1664.00 0 0 0 0 2017/01/05 15:58:54.758
04:09:47.399 1
2179 3665771 48418C KLM37W 2104 -0.4260800 39.7764600 9075.00 296.70 241.20 -1664.00 0 0 0 0 2017/01/05 15:58:54.758
04:09:48.401 1
2179 3665771 48418C KLM37W 2104 -0.4260800 39.7764600 9075.00 296.70 241.20 -1664.00 0 0 0 0 2017/01/05 15:58:54.758
04:09:49.401 1
2179 3665771 48418C KLM37W 2104 -0.4260800 39.7764600 9075.00 296.70 241.20 -1664.00 0 0 0 0 2017/01/05 15:58:54.758
04:09:50.402 1
2179 3665771 48418C KLM37W 2104 -0.4309100 39.7739100 8975.00 292.50 242.70 -1600.00 0 0 0 0 2017/01/05 15:58:54.758
04:09:51.402 1
2179 3665771 48418C KLM37W 2104 -0.4309100 39.7739100 8975.00 292.50 242.70 -1600.00 0 0 0 0 2017/01/05 15:58:54.758
04:09:52.403 1
2179 3665771 48418C KLM37W 2104 -0.4309100 39.7739100 8975.00 292.50 242.70 -1600.00 0 0 0 0 2017/01/05 15:58:54.758
04:09:53.403 1
2179 3665771 48418C KLM37W 2104 -0.4309100 39.7739100 8975.00 292.50 242.70 -1600.00 0 0 0 0 2017/01/05 15:58:54.758
04:09:54.404 1
2179 3665771 48418C KLM37W 2104 -0.4401900 39.7700000 8825.00 296.70 241.20 -1728.00 0 0 0 0 2017/01/05 15:58:54.758
04:09:55.405 1
2179 3665771 48418C KLM37W 2104 -0.4401900 39.7700000 8825.00 296.70 241.20 -1728.00 0 0 0 0 2017/01/05 15:58:54.758
04:09:56.405 1
2179 3665771 48418C KLM37W 2104 -0.4401900 39.7700000 8825.00 296.70 241.20 -1728.00 0 0 0 0 2017/01/05 15:58:54.758
04:09:57.406 1
2179 3665771 48418C KLM37W 2104 -0.4401900 39.7700000 8825.00 296.70 241.20 -1728.00 0 0 0 0 2017/01/05 15:58:54.758
04:09:58.406 1
2179 3665771 48418C KLM37W 2104 -0.4401900 39.7700000 8825.00 296.70 241.20 -1728.00 0 0 0 0 2017/01/05 15:58:54.758
04:09:59.406 1
2179 3665771 48418C KLM37W 2104 -0.4464100 39.7672500 8700.00 297.20 241.00 -1664.00 0 0 0 0 2017/01/05 15:58:54.758
04:10:00.407 1
2179 3665771 48418C KLM37W 2104 -0.4464100 39.7672500 8700.00 297.20 241.00 -1664.00 0 0 0 0 2017/01/05 15:58:54.758
04:10:01.407 1
2179 3665771 48418C KLM37W 2104 -0.4464100 39.7672500 8700.00 297.20 241.00 -1664.00 0 0 0 0 2017/01/05 15:58:54.758
04:10:02.408 1
2179 3665771 48418C KLM37W 2104 -0.4464100 39.7672500 8700.00 297.20 241.00 -1664.00 0 0 0 0 2017/01/05 15:58:54.758
04:10:03.408 1
2179 3665771 48418C KLM37W 2104 -0.4542000 39.7644700 8600.00 297.20 241.00 -1536.00 0 0 0 0 2017/01/05 15:58:54.758
04:10:04.409 1
2179 3665771 48418C KLM37W 2104 -0.4542000 39.7644700 8600.00 297.20 241.00 -1536.00 0 0 0 0 2017/01/05 15:58:54.758
04:10:05.409 1
2179 3665771 48418C KLM37W 2104 -0.4542000 39.7644700 8600.00 297.20 241.00 -1536.00 0 0 0 0 2017/01/05 15:58:54.758
04:10:06.410 1
2179 3665771 48418C KLM37W 2104 -0.4605900 39.7616700 8475.00 297.70 240.90 -1728.00 0 0 0 0 2017/01/05 15:58:54.758
04:10:07.412 1
2179 3665771 48418C KLM37W 2104 -0.4605900 39.7616700 8475.00 297.70 240.90 -1728.00 0 0 0 0 2017/01/05 15:58:54.758
04:10:08.416 1
2179 3665771 48418C KLM37W 2104 -0.4605900 39.7616700 8475.00 297.70 240.90 -1728.00 0 0 0 0 2017/01/05 15:58:54.758
04:10:09.417 1
2179 3665771 48418C KLM37W 2104 -0.4605900 39.7616700 8475.00 297.70 240.90 -1728.00 0 0 0 0 2017/01/05 15:58:54.758
04:10:10.417 1
2179 3665771 48418C KLM37W 2104 -0.4605900 39.7616700 8475.00 297.70 240.90 -1728.00 0 0 0 0 2017/01/05 15:58:54.758
04:10:11.418 1
2179 3665771 48418C KLM37W 2104 -0.4668600 39.7584700 8325.00 298.20 240.70 -1728.00 0 0 0 0 2017/01/05 15:58:54.758
04:10:12.419 1
2179 3665771 48418C KLM37W 2104 -0.4668600 39.7584700 8325.00 298.20 240.70 -1728.00 0 0 0 0 2017/01/05 15:58:54.758
04:10:13.419 1
2179 3665771 48418C KLM37W 2104 -0.4668600 39.7584700 8325.00 298.20 240.70 -1728.00 0 0 0 0 2017/01/05 15:58:54.758
04:10:14.420 1
2179 3665771 48418C KLM37W 2104 -0.4668600 39.7584700 8325.00 298.20 240.70 -1728.00 0 0 0 0 2017/01/05 15:58:54.758
04:10:15.420 1
2179 3665771 48418C KLM37W 2104 -0.4745500 39.7556600 8225.00 297.80 240.40 -1728.00 0 0 0 0 2017/01/05 15:58:54.758
04:10:16.421 1
2179 3665771 48418C KLM37W 2104 -0.4745500 39.7556600 8225.00 297.80 240.40 -1728.00 0 0 0 0 2017/01/05 15:58:54.758
04:10:17.422 1
2179 3665771 48418C KLM37W 2104 -0.4745500 39.7556600 8225.00 297.80 240.40 -1728.00 0 0 0 0 2017/01/05 15:58:54.758
04:10:18.424 1
2179 3665771 48418C KLM37W 2104 -0.4745500 39.7556600 8225.00 297.80 240.40 -1728.00 0 0 0 0 2017/01/05 15:58:54.758
04:10:19.426 1
2179 3665771 48418C KLM37W 2104 -0.4745500 39.7556600 8225.00 297.80 240.40 -1728.00 0 0 0 0 2017/01/05 15:58:54.758
04:10:20.426 1
2179 3665771 48418C KLM37W 2104 -0.4792200 39.7532000 8125.00 297.80 240.40 -1600.00 0 0 0 0 2017/01/05 15:58:54.758
04:10:21.427 1
2179 3665771 48418C KLM37W 2104 -0.4792200 39.7532000 8125.00 297.80 240.40 -1600.00 0 0 0 0 2017/01/05 15:58:54.758
04:10:22.428 1
2179 3665771 48418C KLM37W 2104 -0.4792200 39.7532000 8125.00 297.80 240.40 -1600.00 0 0 0 0 2017/01/05 15:58:54.758
04:10:23.428 1
2179 3665771 48418C KLM37W 2104 -0.4792200 39.7532000 8125.00 297.80 240.40 -1600.00 0 0 0 0 2017/01/05 15:58:54.758
04:10:24.429 1
2179 3665771 48418C KLM37W 2104 -0.4792200 39.7532000 8125.00 296.90 240.30 -1280.00 0 0 0 0 2017/01/05 15:58:54.758
04:10:25.429 1
2179 3665771 48418C KLM37W 2104 -0.4792200 39.7532000 8125.00 296.90 240.30 -1280.00 0 0 0 0 2017/01/05 15:58:54.758
04:10:26.429 1
2179 3665771 48418C KLM37W 2104 -0.4792200 39.7532000 8125.00 296.90 240.30 -1280.00 0 0 0 0 2017/01/05 15:58:54.758
04:10:27.430 1
2179 3665771 48418C KLM37W 2104 -0.4792200 39.7532000 8125.00 296.90 240.30 -1280.00 0 0 0 0 2017/01/05 15:58:54.758
04:10:28.430 1
2179 3665771 48418C KLM37W 2104 -0.4792200 39.7532000 8125.00 296.90 240.30 -1280.00 0 0 0 0 2017/01/05 15:58:54.758
04:10:29.430 1
2179 3665771 48418C KLM37W 2104 -0.4948000 39.7465200 7900.00 296.10 240.20 -1216.00 0 0 0 0 2017/01/05 15:58:54.758
04:10:30.431 1
2179 3665771 48418C KLM37W 2104 -0.4948000 39.7465200 7900.00 296.10 240.20 -1216.00 0 0 0 0 2017/01/05 15:58:54.758
04:10:31.431 1
2179 3665771 48418C KLM37W 2104 -0.4948000 39.7465200 7900.00 296.10 240.20 -1216.00 0 0 0 0 2017/01/05 15:58:54.758
04:10:32.436 1
2179 3665771 48418C KLM37W 2104 -0.4948000 39.7465200 7900.00 296.10 240.20 -1216.00 0 0 0 0 2017/01/05 15:58:54.758
04:10:33.437 1
2179 3665771 48418C KLM37W 2104 -0.4948000 39.7465200 7900.00 294.30 240.00 -1280.00 0 0 0 0 2017/01/05 15:58:54.758
04:10:34.438 1
2179 3665771 48418C KLM37W 2104 -0.4948000 39.7465200 7900.00 294.30 240.00 -1280.00 0 0 0 0 2017/01/05 15:58:54.758
04:10:35.438 1
2179 3665771 48418C KLM37W 2104 -0.4948000 39.7465200 7900.00 294.30 240.00 -1280.00 0 0 0 0 2017/01/05 15:58:54.758
04:10:36.439 1
2179 3665771 48418C KLM37W 2104 -0.4948000 39.7465200 7900.00 294.30 240.00 -1280.00 0 0 0 0 2017/01/05 15:58:54.758
04:10:37.439 1
2179 3665771 48418C KLM37W 2104 -0.4948000 39.7465200 7900.00 293.00 240.10 -1152.00 0 0 0 0 2017/01/05 15:58:54.758
04:10:38.439 1
2179 3665771 48418C KLM37W 2104 -0.4948000 39.7465200 7900.00 293.00 240.10 -1152.00 0 0 0 0 2017/01/05 15:58:54.758
04:10:39.439 1
2179 3665771 48418C KLM37W 2104 -0.4948000 39.7465200 7900.00 293.00 240.10 -1152.00 0 0 0 0 2017/01/05 15:58:54.758
04:10:40.440 1
2179 3665771 48418C KLM37W 2104 -0.4948000 39.7465200 7900.00 293.00 240.10 -1152.00 0 0 0 0 2017/01/05 15:58:54.758
04:10:41.441 1
2179 3665771 48418C KLM37W 2104 -0.4948000 39.7465200 7900.00 293.00 240.10 -1152.00 0 0 0 0 2017/01/05 15:58:54.758
04:10:42.443 1
2179 3665771 48418C KLM37W 2104 -0.4948000 39.7465200 7900.00 291.10 240.40 -1152.00 0 0 0 0 2017/01/05 15:58:54.758
04:10:43.443 1
2179 3665771 48418C KLM37W 2104 -0.4948000 39.7465200 7900.00 291.10 240.40 -1152.00 0 0 0 0 2017/01/05 15:58:54.758
04:10:44.445 1
2179 3665771 48418C KLM37W 2104 -0.4948000 39.7465200 7900.00 291.10 240.40 -1152.00 0 0 0 0 2017/01/05 15:58:54.758
04:10:45.445 1
2179 3665771 48418C KLM37W 2104 -0.5192800 39.7356700 7600.00 289.70 240.40 -1088.00 0 0 0 0 2017/01/05 15:58:54.758
04:10:46.445 1
2179 3665771 48418C KLM37W 2104 -0.5192800 39.7356700 7600.00 289.70 240.40 -1088.00 0 0 0 0 2017/01/05 15:58:54.758
04:10:47.447 1
2179 3665771 48418C KLM37W 2104 -0.5192800 39.7356700 7600.00 289.70 240.40 -1088.00 0 0 0 0 2017/01/05 15:58:54.758
04:10:48.451 1
2179 3665771 48418C KLM37W 2104 -0.5192800 39.7356700 7600.00 289.70 240.40 -1088.00 0 0 0 0 2017/01/05 15:58:54.758
04:10:49.452 1
2179 3665771 48418C KLM37W 2104 -0.5192800 39.7356700 7600.00 289.70 240.40 -1088.00 0 0 0 0 2017/01/05 15:58:54.758
04:10:50.453 1
2179 3665771 48418C KLM37W 2104 -0.5192800 39.7356700 7600.00 289.70 240.40 -1088.00 0 0 0 0 2017/01/05 15:58:54.758
04:10:51.454 1
2179 3665771 48418C KLM37W 2104 -0.5192800 39.7356700 7600.00 289.70 240.40 -1088.00 0 0 0 0 2017/01/05 15:58:54.758
04:10:52.455 1
2179 3665771 48418C KLM37W 2104 -0.5192800 39.7356700 7600.00 289.70 240.40 -1088.00 0 0 0 0 2017/01/05 15:58:54.758
04:10:53.456 1
2179 3665771 48418C KLM37W 2104 -0.5192800 39.7356700 7600.00 289.70 240.40 -1088.00 0 0 0 0 2017/01/05 15:58:54.758
04:10:54.457 1
2179 3665771 48418C KLM37W 2104 -0.5192800 39.7356700 7600.00 289.70 240.40 -1088.00 0 0 0 0 2017/01/05 15:58:54.758
04:10:55.458 1
2179 3665771 48418C KLM37W 2104 -0.5192800 39.7356700 7600.00 289.70 240.40 -1088.00 0 0 0 0 2017/01/05 15:58:54.758
04:10:56.459 1
2179 3665771 48418C KLM37W 2104 -0.5192800 39.7356700 7600.00 289.70 240.40 -1088.00 0 0 0 0 2017/01/05 15:58:54.758
04:10:57.459 1
2179 3665771 48418C KLM37W 2104 -0.5192800 39.7356700 7600.00 289.70 240.40 -1088.00 0 0 0 0 2017/01/05 15:58:54.758
04:10:58.461 1
2179 3665771 48418C KLM37W 2104 -0.5192800 39.7356700 7600.00 289.70 240.40 -1088.00 0 0 0 0 2017/01/05 15:58:54.758
04:10:59.461 1
2179 3665771 48418C KLM37W 2104 -0.5192800 39.7356700 7600.00 289.70 240.40 -1088.00 0 0 0 0 2017/01/05 15:58:54.758
04:11:00.461 1
2179 3665771 48418C KLM37W 2104 -0.5192800 39.7356700 7600.00 289.70 240.40 -1088.00 0 0 0 0 2017/01/05 15:58:54.758
04:11:01.461 1
2179 3665771 48418C KLM37W 2104 -0.5192800 39.7356700 7600.00 289.70 240.40 -1088.00 0 0 0 0 2017/01/05 15:58:54.758
04:11:02.462 1
2179 3665771 48418C KLM37W 2104 -0.5192800 39.7356700 7600.00 289.70 240.40 -1088.00 0 0 0 0 2017/01/05 15:58:54.758
04:11:03.464 1
2179 3665771 48418C KLM37W 2104 -0.5192800 39.7356700 7600.00 289.70 240.40 -1088.00 0 0 0 0 2017/01/05 15:58:54.758
04:11:04.464 1
2179 3665771 48418C KLM37W 2104 -0.5462700 39.7238200 7250.00 289.70 240.40 -1088.00 0 0 0 0 2017/01/05 15:58:54.758
04:11:05.465 1
2179 3665771 48418C KLM37W 2104 -0.5462700 39.7238200 7250.00 289.70 240.40 -1088.00 0 0 0 0 2017/01/05 15:58:54.758
04:11:06.465 1
2179 3665771 48418C KLM37W 2104 -0.5462700 39.7238200 7250.00 289.70 240.40 -1088.00 0 0 0 0 2017/01/05 15:58:54.758
04:11:07.466 1
2179 3665771 48418C KLM37W 2104 -0.5462700 39.7238200 7250.00 289.70 240.40 -1088.00 0 0 0 0 2017/01/05 15:58:54.758
04:11:08.467 1
2179 3665771 48418C KLM37W 2104 -0.5462700 39.7238200 7250.00 289.70 240.40 -1088.00 0 0 0 0 2017/01/05 15:58:54.758
04:11:09.467 1
2179 3665771 48418C KLM37W 2104 -0.5462700 39.7238200 7250.00 289.70 240.40 -1088.00 0 0 0 0 2017/01/05 15:58:54.758
04:11:10.468 1
2179 3665771 48418C KLM37W 2104 -0.5462700 39.7238200 7250.00 289.70 240.40 -1088.00 0 0 0 0 2017/01/05 15:58:54.758
04:11:11.469 1
2179 3665771 48418C KLM37W 2104 -0.5582100 39.7186900 7150.00 276.40 242.40 -640.00 0 0 0 0 2017/01/05 15:58:54.758
04:11:12.470 1
2179 3665771 48418C KLM37W 2104 -0.5582100 39.7186900 7150.00 276.40 242.40 -640.00 0 0 0 0 2017/01/05 15:58:54.758
04:11:13.470 1
2179 3665771 48418C KLM37W 2104 -0.5582100 39.7186900 7150.00 276.40 242.40 -640.00 0 0 0 0 2017/01/05 15:58:54.758
04:11:14.472 1
2179 3665771 48418C KLM37W 2104 -0.5582100 39.7186900 7150.00 276.40 242.40 -640.00 0 0 0 0 2017/01/05 15:58:54.758
04:11:15.473 1
2179 3665771 48418C KLM37W 2104 -0.5654300 39.7159000 7100.00 276.60 241.00 -448.00 0 0 0 0 2017/01/05 15:58:54.758
04:11:16.474 1
2179 3665771 48418C KLM37W 2104 -0.5654300 39.7159000 7100.00 276.60 241.00 -448.00 0 0 0 0 2017/01/05 15:58:54.758
04:11:17.474 1
2179 3665771 48418C KLM37W 2104 -0.5654300 39.7159000 7100.00 276.60 241.00 -448.00 0 0 0 0 2017/01/05 15:58:54.758
04:11:18.475 1
2179 3665771 48418C KLM37W 2104 -0.5654300 39.7159000 7100.00 276.60 241.00 -448.00 0 0 0 0 2017/01/05 15:58:54.758
04:11:19.475 1
2179 3665771 48418C KLM37W 2104 -0.5654300 39.7159000 7100.00 276.60 241.00 -448.00 0 0 0 0 2017/01/05 15:58:54.758
04:11:20.475 1
2179 3665771 48418C KLM37W 2104 -0.5654300 39.7159000 7100.00 276.60 241.00 -448.00 0 0 0 0 2017/01/05 15:58:54.758
04:11:21.476 1
2179 3665771 48418C KLM37W 2104 -0.5712900 39.7133900 7075.00 273.50 240.90 -384.00 0 0 0 0 2017/01/05 15:58:54.758
04:11:22.478 1
2179 3665771 48418C KLM37W 2104 -0.5712900 39.7133900 7075.00 273.50 240.90 -384.00 0 0 0 0 2017/01/05 15:58:54.758
04:11:23.478 1
2179 3665771 48418C KLM37W 2104 -0.5712900 39.7133900 7075.00 273.50 240.90 -384.00 0 0 0 0 2017/01/05 15:58:54.758
04:11:24.480 1
2179 3665771 48418C KLM37W 2104 -0.5712900 39.7133900 7075.00 269.90 241.00 -64.00 0 0 0 0 2017/01/05 15:58:54.758
04:11:25.481 1
2179 3665771 48418C KLM37W 2104 -0.5712900 39.7133900 7075.00 269.90 241.00 -64.00 0 0 0 0 2017/01/05 15:58:54.758
04:11:26.481 1
2179 3665771 48418C KLM37W 2104 -0.5712900 39.7133900 7075.00 269.90 241.00 -64.00 0 0 0 0 2017/01/05 15:58:54.758
04:11:27.483 1
2179 3665771 48418C KLM37W 2104 -0.5712900 39.7133900 7075.00 269.90 241.00 -64.00 0 0 0 0 2017/01/05 15:58:54.758
04:11:28.483 1
2179 3665771 48418C KLM37W 2104 -0.5810800 39.7090800 7050.00 269.90 241.00 -64.00 0 0 0 0 2017/01/05 15:58:54.758
04:11:29.484 1
2179 3665771 48418C KLM37W 2104 -0.5810800 39.7090800 7050.00 265.90 240.70 -512.00 0 0 0 0 2017/01/05 15:58:54.758
04:11:30.485 1
2179 3665771 48418C KLM37W 2104 -0.5810800 39.7090800 7050.00 265.90 240.70 -512.00 0 0 0 0 2017/01/05 15:58:54.758
04:11:31.486 1
2179 3665771 48418C KLM37W 2104 -0.5810800 39.7090800 7050.00 265.90 240.70 -512.00 0 0 0 0 2017/01/05 15:58:54.758
04:11:32.487 1
2179 3665771 48418C KLM37W 2104 -0.5810800 39.7090800 7050.00 265.90 240.70 -512.00 0 0 0 0 2017/01/05 15:58:54.758
04:11:33.488 1
2179 3665771 48418C KLM37W 2104 -0.5894400 39.7051400 6975.00 261.00 240.90 -1152.00 0 0 0 0 2017/01/05 15:58:54.758
04:11:34.489 1
2179 3665771 48418C KLM37W 2104 -0.5894400 39.7051400 6975.00 261.00 240.90 -1152.00 0 0 0 0 2017/01/05 15:58:54.758
04:11:35.490 1
2179 3665771 48418C KLM37W 2104 -0.5894400 39.7051400 6975.00 261.00 240.90 -1152.00 0 0 0 0 2017/01/05 15:58:54.758
04:11:36.491 1
2179 3665771 48418C KLM37W 2104 -0.5894400 39.7051400 6975.00 261.00 240.90 -1152.00 0 0 0 0 2017/01/05 15:58:54.758
04:11:37.492 1
2179 3665771 48418C KLM37W 2104 -0.5894400 39.7051400 6975.00 261.00 240.90 -1152.00 0 0 0 0 2017/01/05 15:58:54.758
04:11:38.494 1
2179 3665771 48418C KLM37W 2104 -0.5948700 39.7028000 6900.00 255.40 242.70 -1152.00 0 0 0 0 2017/01/05 15:58:54.758
04:11:39.494 1
2179 3665771 48418C KLM37W 2104 -0.5948700 39.7028000 6900.00 255.40 242.70 -1152.00 0 0 0 0 2017/01/05 15:58:54.758
04:11:40.495 1
2179 3665771 48418C KLM37W 2104 -0.5948700 39.7028000 6900.00 255.40 242.70 -1152.00 0 0 0 0 2017/01/05 15:58:54.758
04:11:41.497 1
2179 3665771 48418C KLM37W 2104 -0.5948700 39.7028000 6900.00 255.40 242.70 -1152.00 0 0 0 0 2017/01/05 15:58:54.758
04:11:42.498 1
2179 3665771 48418C KLM37W 2104 -0.6017500 39.7000300 6800.00 252.70 242.90 -1024.00 0 0 0 0 2017/01/05 15:58:54.758
04:11:43.498 1
2179 3665771 48418C KLM37W 2104 -0.6017500 39.7000300 6800.00 252.70 242.90 -1024.00 0 0 0 0 2017/01/05 15:58:54.758
04:11:44.499 1
2179 3665771 48418C KLM37W 2104 -0.6017500 39.7000300 6800.00 252.70 242.90 -1024.00 0 0 0 0 2017/01/05 15:58:54.758
04:11:45.499 1
2179 3665771 48418C KLM37W 2104 -0.6017500 39.7000300 6800.00 252.70 242.90 -1024.00 0 0 0 0 2017/01/05 15:58:54.758
04:11:46.500 1
2179 3665771 48418C KLM37W 2104 -0.6069900 39.6977000 6775.00 248.70 242.70 -256.00 0 0 0 0 2017/01/05 15:58:54.758
04:11:47.501 1
2179 3665771 48418C KLM37W 2104 -0.6069900 39.6977000 6775.00 248.70 242.70 -256.00 0 0 0 0 2017/01/05 15:58:54.758
04:11:48.502 1
2179 3665771 48418C KLM37W 2104 -0.6069900 39.6977000 6775.00 248.70 242.70 -256.00 0 0 0 0 2017/01/05 15:58:54.758
04:11:49.503 1
2179 3665771 48418C KLM37W 2104 -0.6069900 39.6977000 6775.00 248.70 242.70 -256.00 0 0 0 0 2017/01/05 15:58:54.758
04:11:50.504 1
2179 3665771 48418C KLM37W 2104 -0.6123000 39.6954200 6750.00 243.40 242.10 -512.00 0 0 0 0 2017/01/05 15:58:54.758
04:11:51.504 1
2179 3665771 48418C KLM37W 2104 -0.6123000 39.6954200 6750.00 243.40 242.10 -512.00 0 0 0 0 2017/01/05 15:58:54.758
04:11:52.506 1
2179 3665771 48418C KLM37W 2104 -0.6123000 39.6954200 6750.00 243.40 242.10 -512.00 0 0 0 0 2017/01/05 15:58:54.758
04:11:53.506 1
2179 3665771 48418C KLM37W 2104 -0.6123000 39.6954200 6750.00 243.40 242.10 -512.00 0 0 0 0 2017/01/05 15:58:54.758
04:11:54.508 1
2179 3665771 48418C KLM37W 2104 -0.6185800 39.6929200 6700.00 240.20 241.90 -640.00 0 0 0 0 2017/01/05 15:58:54.758
04:11:55.508 1
2179 3665771 48418C KLM37W 2104 -0.6185800 39.6929200 6700.00 240.20 241.90 -640.00 0 0 0 0 2017/01/05 15:58:54.758
04:11:56.509 1
2179 3665771 48418C KLM37W 2104 -0.6185800 39.6929200 6700.00 240.20 241.90 -640.00 0 0 0 0 2017/01/05 15:58:54.758
04:11:57.510 1
2179 3665771 48418C KLM37W 2104 -0.6185800 39.6929200 6700.00 240.20 241.90 -640.00 0 0 0 0 2017/01/05 15:58:54.758
04:11:58.510 1
2179 3665771 48418C KLM37W 2104 -0.6185800 39.6929200 6700.00 240.20 241.90 -640.00 0 0 0 0 2017/01/05 15:58:54.758
04:11:59.510 1
2179 3665771 48418C KLM37W 2104 -0.6225000 39.6909000 6650.00 237.20 241.30 -768.00 0 0 0 0 2017/01/05 15:58:54.758
04:12:00.510 1
2179 3665771 48418C KLM37W 2104 -0.6225000 39.6909000 6650.00 237.20 241.30 -768.00 0 0 0 0 2017/01/05 15:58:54.758
04:12:01.510 1
2179 3665771 48418C KLM37W 2104 -0.6225000 39.6909000 6650.00 237.20 241.30 -768.00 0 0 0 0 2017/01/05 15:58:54.758
04:12:02.511 1
2179 3665771 48418C KLM37W 2104 -0.6225000 39.6909000 6650.00 237.20 241.30 -768.00 0 0 0 0 2017/01/05 15:58:54.758
04:12:03.511 1
2179 3665771 48418C KLM37W 2104 -0.6225000 39.6909000 6650.00 237.20 241.30 -768.00 0 0 0 0 2017/01/05 15:58:54.758
04:12:04.511 1
2179 3665771 48418C KLM37W 2104 -0.6225000 39.6909000 6650.00 237.20 241.30 -768.00 0 0 0 0 2017/01/05 15:58:54.758
04:12:05.512 1
2179 3665771 48418C KLM37W 2104 -0.6225000 39.6909000 6650.00 237.20 241.30 -768.00 0 0 0 0 2017/01/05 15:58:54.758
04:12:06.513 1
2179 3665771 48418C KLM37W 2104 -0.6225000 39.6909000 6650.00 237.20 241.30 -768.00 0 0 0 0 2017/01/05 15:58:54.758
04:12:07.514 1
2179 3665771 48418C KLM37W 2104 -0.6225000 39.6909000 6650.00 237.20 241.30 -768.00 0 0 0 0 2017/01/05 15:58:54.758
04:12:08.515 1
2179 3665771 48418C KLM37W 2104 -0.6225000 39.6909000 6650.00 237.20 241.30 -768.00 0 0 0 0 2017/01/05 15:58:54.758
04:12:09.516 1
2179 3665771 48418C KLM37W 2104 -0.6225000 39.6909000 6650.00 237.20 241.30 -768.00 0 0 0 0 2017/01/05 15:58:54.758
04:12:10.517 1
2179 3665771 48418C KLM37W 2104 -0.6225000 39.6909000 6650.00 237.20 241.30 -768.00 0 0 0 0 2017/01/05 15:58:54.758
04:12:11.518 1
2179 3665771 48418C KLM37W 2104 -0.6225000 39.6909000 6650.00 237.20 241.30 -768.00 0 0 0 0 2017/01/05 15:58:54.758
04:12:12.519 1
2179 3665771 48418C KLM37W 2104 -0.6225000 39.6909000 6650.00 237.20 241.30 -768.00 0 0 0 0 2017/01/05 15:58:54.758
04:12:13.519 1
2179 3665771 48418C KLM37W 2104 -0.6225000 39.6909000 6650.00 237.20 241.30 -768.00 0 0 0 0 2017/01/05 15:58:54.758
04:12:14.521 1
2179 3665771 48418C KLM37W 2104 -0.6225000 39.6909000 6650.00 237.20 241.30 -768.00 0 0 0 0 2017/01/05 15:58:54.758
04:12:15.521 1
2179 3665771 48418C KLM37W 2104 -0.6225000 39.6909000 6650.00 237.20 241.30 -768.00 0 0 0 0 2017/01/05 15:58:54.758
04:12:16.521 1
2179 3665771 48418C KLM37W 2104 -0.6225000 39.6909000 6650.00 237.20 241.30 -768.00 0 0 0 0 2017/01/05 15:58:54.758
04:12:17.522 1
2179 3665771 48418C KLM37W 2104 -0.6225000 39.6909000 6650.00 237.20 241.30 -768.00 0 0 0 0 2017/01/05 15:58:54.758
04:12:18.523 1
2179 3665771 48418C KLM37W 2104 -0.6456300 39.6809200 6400.00 228.50 240.10 -576.00 0 0 0 0 2017/01/05 15:58:54.758
04:12:19.525 1
2179 3665771 48418C KLM37W 2104 -0.6456300 39.6809200 6400.00 228.50 240.10 -576.00 0 0 0 0 2017/01/05 15:58:54.758
04:12:20.525 1
2179 3665771 48418C KLM37W 2104 -0.6456300 39.6809200 6400.00 228.50 240.10 -576.00 0 0 0 0 2017/01/05 15:58:54.758
04:12:21.526 1
2179 3665771 48418C KLM37W 2104 -0.6456300 39.6809200 6400.00 228.50 240.10 -576.00 0 0 0 0 2017/01/05 15:58:54.758
04:12:22.527 1
2179 3665771 48418C KLM37W 2104 -0.6491700 39.6788900 6375.00 224.50 239.80 -576.00 0 0 0 0 2017/01/05 15:58:54.758
04:12:23.528 1
2179 3665771 48418C KLM37W 2104 -0.6491700 39.6788900 6375.00 224.50 239.80 -576.00 0 0 0 0 2017/01/05 15:58:54.758
04:12:24.528 1
2179 3665771 48418C KLM37W 2104 -0.6491700 39.6788900 6375.00 224.50 239.80 -576.00 0 0 0 0 2017/01/05 15:58:54.758
04:12:25.529 1
2179 3665771 48418C KLM37W 2104 -0.6491700 39.6788900 6375.00 224.50 239.80 -576.00 0 0 0 0 2017/01/05 15:58:54.758
04:12:26.530 1
2179 3665771 48418C KLM37W 2104 -0.6538700 39.6770800 6350.00 216.50 241.90 -384.00 0 0 0 0 2017/01/05 15:58:54.758
04:12:27.531 1
2179 3665771 48418C KLM37W 2104 -0.6538700 39.6770800 6350.00 216.50 241.90 -384.00 0 0 0 0 2017/01/05 15:58:54.758
04:12:28.532 1
2179 3665771 48418C KLM37W 2104 -0.6538700 39.6770800 6350.00 216.50 241.90 -384.00 0 0 0 0 2017/01/05 15:58:54.758
04:12:29.533 1
2179 3665771 48418C KLM37W 2104 -0.6538700 39.6770800 6350.00 216.50 241.90 -384.00 0 0 0 0 2017/01/05 15:58:54.758
04:12:30.534 1
2179 3665771 48418C KLM37W 2104 -0.6583900 39.6749800 6325.00 212.90 242.00 -576.00 0 0 0 0 2017/01/05 15:58:54.758
04:12:31.534 1
2179 3665771 48418C KLM37W 2104 -0.6583900 39.6749800 6325.00 212.90 242.00 -576.00 0 0 0 0 2017/01/05 15:58:54.758
04:12:32.535 1
2179 3665771 48418C KLM37W 2104 -0.6583900 39.6749800 6325.00 212.90 242.00 -576.00 0 0 0 0 2017/01/05 15:58:54.758
04:12:33.535 1
2179 3665771 48418C KLM37W 2104 -0.6583900 39.6749800 6325.00 212.90 242.00 -576.00 0 0 0 0 2017/01/05 15:58:54.758
04:12:34.536 1
2179 3665771 48418C KLM37W 2104 -0.6583900 39.6749800 6325.00 212.90 242.00 -576.00 0 0 0 0 2017/01/05 15:58:54.758
04:12:35.536 1
2179 3665771 48418C KLM37W 2104 -0.6629000 39.6729800 6300.00 210.20 242.20 -448.00 0 0 0 0 2017/01/05 15:58:54.758
04:12:36.536 1
2179 3665771 48418C KLM37W 2104 -0.6629000 39.6729800 6300.00 210.20 242.20 -448.00 0 0 0 0 2017/01/05 15:58:54.758
04:12:37.537 1
2179 3665771 48418C KLM37W 2104 -0.6629000 39.6729800 6300.00 210.20 242.20 -448.00 0 0 0 0 2017/01/05 15:58:54.758
04:12:38.537 1
2179 3665771 48418C KLM37W 2104 -0.6629000 39.6729800 6300.00 206.20 241.90 -832.00 0 0 0 0 2017/01/05 15:58:54.758
04:12:39.538 1
2179 3665771 48418C KLM37W 2104 -0.6694300 39.6699100 6225.00 206.20 241.90 -832.00 0 0 0 0 2017/01/05 15:58:54.758
04:12:40.538 1
2179 3665771 48418C KLM37W 2104 -0.6694300 39.6699100 6225.00 206.20 241.90 -832.00 0 0 0 0 2017/01/05 15:58:54.758
04:12:41.538 1
2179 3665771 48418C KLM37W 2104 -0.6694300 39.6699100 6225.00 206.20 241.90 -832.00 0 0 0 0 2017/01/05 15:58:54.758
04:12:42.539 1
2179 3665771 48418C KLM37W 2104 -0.6694300 39.6699100 6225.00 206.20 241.90 -832.00 0 0 0 0 2017/01/05 15:58:54.758
04:12:43.540 1
2179 3665771 48418C KLM37W 2104 -0.6748800 39.6679200 6150.00 203.50 242.20 -960.00 0 0 0 0 2017/01/05 15:58:54.758
04:12:44.542 1
2179 3665771 48418C KLM37W 2104 -0.6748800 39.6679200 6150.00 203.50 242.20 -960.00 0 0 0 0 2017/01/05 15:58:54.758
04:12:45.543 1
2179 3665771 48418C KLM37W 2104 -0.6748800 39.6679200 6150.00 203.50 242.20 -960.00 0 0 0 0 2017/01/05 15:58:54.758
04:12:46.543 1
2179 3665771 48418C KLM37W 2104 -0.6748800 39.6679200 6150.00 203.50 242.20 -960.00 0 0 0 0 2017/01/05 15:58:54.758
04:12:47.544 1
2179 3665771 48418C KLM37W 2104 -0.6781000 39.6660900 6100.00 205.50 240.60 -704.00 0 0 0 0 2017/01/05 15:58:54.758
04:12:48.545 1
2179 3665771 48418C KLM37W 2104 -0.6781000 39.6660900 6100.00 205.50 240.60 -704.00 0 0 0 0 2017/01/05 15:58:54.758
04:12:49.546 1
2179 3665771 48418C KLM37W 2104 -0.6781000 39.6660900 6100.00 205.50 240.60 -704.00 0 0 0 0 2017/01/05 15:58:54.758
04:12:50.547 1
2179 3665771 48418C KLM37W 2104 -0.6781000 39.6660900 6100.00 205.50 240.60 -704.00 0 0 0 0 2017/01/05 15:58:54.758
04:12:51.547 1
2179 3665771 48418C KLM37W 2104 -0.6781000 39.6660900 6100.00 205.50 240.60 -704.00 0 0 0 0 2017/01/05 15:58:54.758
04:12:52.549 1
2179 3665771 48418C KLM37W 2104 -0.6781000 39.6660900 6100.00 205.50 240.60 -704.00 0 0 0 0 2017/01/05 15:58:54.758
04:12:53.550 1
2179 3665771 48418C KLM37W 2104 -0.6781000 39.6660900 6100.00 205.50 240.60 -704.00 0 0 0 0 2017/01/05 15:58:54.758
04:12:54.550 1
2179 3665771 48418C KLM37W 2104 -0.6781000 39.6660900 6100.00 205.50 240.60 -704.00 0 0 0 0 2017/01/05 15:58:54.758
04:12:55.551 1
2179 3665771 48418C KLM37W 2104 -0.6781000 39.6660900 6100.00 205.50 240.60 -704.00 0 0 0 0 2017/01/05 15:58:54.758
04:12:56.551 1
2179 3665771 48418C KLM37W 2104 -0.6781000 39.6660900 6100.00 205.50 240.60 -704.00 0 0 0 0 2017/01/05 15:58:54.758
04:12:57.553 1
2179 3665771 48418C KLM37W 2104 -0.6781000 39.6660900 6100.00 205.50 240.60 -704.00 0 0 0 0 2017/01/05 15:58:54.758
04:12:58.554 1
2179 3665771 48418C KLM37W 2104 -0.6781000 39.6660900 6100.00 205.50 240.60 -704.00 0 0 0 0 2017/01/05 15:58:54.758
04:12:59.555 1
2179 3665771 48418C KLM37W 2104 -0.6917800 39.6601400 5975.00 197.10 240.20 -1024.00 0 0 0 0 2017/01/05 15:58:54.758
04:13:00.556 1
2179 3665771 48418C KLM37W 2104 -0.6917800 39.6601400 5975.00 197.10 240.20 -1024.00 0 0 0 0 2017/01/05 15:58:54.758
04:13:01.557 1
2179 3665771 48418C KLM37W 2104 -0.6917800 39.6601400 5975.00 197.10 240.20 -1024.00 0 0 0 0 2017/01/05 15:58:54.758
04:13:02.558 1
2179 3665771 48418C KLM37W 2104 -0.6917800 39.6601400 5975.00 197.10 240.20 -1024.00 0 0 0 0 2017/01/05 15:58:54.758
04:13:03.558 1
2179 3665771 48418C KLM37W 2104 -0.6917800 39.6601400 5975.00 197.10 240.20 -1024.00 0 0 0 0 2017/01/05 15:58:54.758
04:13:04.559 1
2179 3665771 48418C KLM37W 2104 -0.6959000 39.6585800 5900.00 196.60 240.40 -1344.00 0 0 0 0 2017/01/05 15:58:54.758
04:13:05.560 1
2179 3665771 48418C KLM37W 2104 -0.6958400 39.6583600 5900.00 196.60 240.40 -1344.00 0 0 0 0 2017/01/05 15:58:54.758
04:13:06.561 1
2179 3665771 48418C KLM37W 2104 -0.6958400 39.6583600 5900.00 196.60 240.40 -1344.00 0 0 0 0 2017/01/05 15:58:54.758
04:13:07.562 1
2179 3665771 48418C KLM37W 2104 -0.6958400 39.6583600 5900.00 196.60 240.40 -1344.00 0 0 0 0 2017/01/05 15:58:54.758
04:13:08.563 1
2179 3665771 48418C KLM37W 2104 -0.6958400 39.6583600 5900.00 196.60 240.40 -1344.00 0 0 0 0 2017/01/05 15:58:54.758
04:13:09.564 1
2179 3665771 48418C KLM37W 2104 -0.7019900 39.6555600 5750.00 197.50 240.60 -1344.00 0 0 0 0 2017/01/05 15:58:54.758
04:13:10.566 1
2179 3665771 48418C KLM37W 2104 -0.7019900 39.6555600 5750.00 197.50 240.60 -1344.00 0 0 0 0 2017/01/05 15:58:54.758
04:13:11.567 1
2179 3665771 48418C KLM37W 2104 -0.7019900 39.6555600 5750.00 197.50 240.60 -1344.00 0 0 0 0 2017/01/05 15:58:54.758
04:13:12.568 1
2179 3665771 48418C KLM37W 2104 -0.7019900 39.6555600 5750.00 197.50 240.60 -1344.00 0 0 0 0 2017/01/05 15:58:54.758
04:13:13.569 1
2179 3665771 48418C KLM37W 2104 -0.7019900 39.6555600 5750.00 197.50 240.60 -1344.00 0 0 0 0 2017/01/05 15:58:54.758
04:13:14.569 1
2179 3665771 48418C KLM37W 2104 -0.7062300 39.6539600 5675.00 197.90 241.00 -1344.00 0 0 0 0 2017/01/05 15:58:54.758
04:13:15.573 1
2179 3665771 48418C KLM37W 2104 -0.7062300 39.6539600 5675.00 197.90 241.00 -1344.00 0 0 0 0 2017/01/05 15:58:54.758
04:13:16.575 1
2179 3665771 48418C KLM37W 2104 -0.7062300 39.6539600 5675.00 197.90 241.00 -1344.00 0 0 0 0 2017/01/05 15:58:54.758
04:13:17.575 1
2179 3665771 48418C KLM37W 2104 -0.7113600 39.6519400 5575.00 198.30 240.70 -1216.00 0 0 0 0 2017/01/05 15:58:54.758
04:13:18.577 1
2179 3665771 48418C KLM37W 2104 -0.7113600 39.6519400 5575.00 198.30 240.70 -1216.00 0 0 0 0 2017/01/05 15:58:54.758
04:13:19.578 1
2179 3665771 48418C KLM37W 2104 -0.7113600 39.6519400 5575.00 198.30 240.70 -1216.00 0 0 0 0 2017/01/05 15:58:54.758
04:13:20.579 1
2179 3665771 48418C KLM37W 2104 -0.7113600 39.6519400 5575.00 198.30 240.70 -1216.00 0 0 0 0 2017/01/05 15:58:54.758
04:13:21.580 1
2179 3665771 48418C KLM37W 2104 -0.7144700 39.6502500 5500.00 197.90 241.00 -1088.00 0 0 0 0 2017/01/05 15:58:54.758
04:13:22.581 1
2179 3665771 48418C KLM37W 2104 -0.7144700 39.6502500 5500.00 197.90 241.00 -1088.00 0 0 0 0 2017/01/05 15:58:54.758
04:13:23.582 1
2179 3665771 48418C KLM37W 2104 -0.7144700 39.6502500 5500.00 197.90 241.00 -1088.00 0 0 0 0 2017/01/05 15:58:54.758
04:13:24.583 1
2179 3665771 48418C KLM37W 2104 -0.7144700 39.6502500 5500.00 197.90 241.00 -1088.00 0 0 0 0 2017/01/05 15:58:54.758
04:13:25.584 1
2179 3665771 48418C KLM37W 2104 -0.7187100 39.6484200 5425.00 198.30 240.70 -1152.00 0 0 0 0 2017/01/05 15:58:54.758
04:13:26.584 1
2179 3665771 48418C KLM37W 2104 -0.7187100 39.6484200 5425.00 198.30 240.70 -1152.00 0 0 0 0 2017/01/05 15:58:54.758
04:13:27.585 1
2179 3665771 48418C KLM37W 2104 -0.7187100 39.6484200 5425.00 198.30 240.70 -1152.00 0 0 0 0 2017/01/05 15:58:54.758
04:13:28.586 1
2179 3665771 48418C KLM37W 2104 -0.7187100 39.6484200 5425.00 198.30 240.70 -1152.00 0 0 0 0 2017/01/05 15:58:54.758
04:13:29.587 1
2179 3665771 48418C KLM37W 2104 -0.7187100 39.6484200 5425.00 198.30 240.70 -1152.00 0 0 0 0 2017/01/05 15:58:54.758
04:13:30.588 1
2179 3665771 48418C KLM37W 2104 -0.7228300 39.6465900 5350.00 197.90 241.00 -1280.00 0 0 0 0 2017/01/05 15:58:54.758
04:13:31.589 1
2179 3665771 48418C KLM37W 2104 -0.7228300 39.6465900 5350.00 197.90 241.00 -1280.00 0 0 0 0 2017/01/05 15:58:54.758
04:13:32.589 1
2179 3665771 48418C KLM37W 2104 -0.7228300 39.6465900 5350.00 197.90 241.00 -1280.00 0 0 0 0 2017/01/05 15:58:54.758
04:13:33.590 1
2179 3665771 48418C KLM37W 2104 -0.7228300 39.6465900 5350.00 197.90 241.00 -1280.00 0 0 0 0 2017/01/05 15:58:54.758
04:13:34.590 1
2179 3665771 48418C KLM37W 2104 -0.7228300 39.6465900 5350.00 197.90 241.00 -1280.00 0 0 0 0 2017/01/05 15:58:54.758
04:13:35.591 1
2179 3665771 48418C KLM37W 2104 -0.7228300 39.6465900 5350.00 197.90 241.00 -1280.00 0 0 0 0 2017/01/05 15:58:54.758
04:13:36.592 1
2179 3665771 48418C KLM37W 2104 -0.7228300 39.6465900 5350.00 197.90 241.00 -1280.00 0 0 0 0 2017/01/05 15:58:54.758
04:13:37.593 1
2179 3665771 48418C KLM37W 2104 -0.7228300 39.6465900 5350.00 197.90 241.00 -1280.00 0 0 0 0 2017/01/05 15:58:54.758
04:13:38.594 1
2179 3665771 48418C KLM37W 2104 -0.7228300 39.6465900 5350.00 198.00 240.30 -1152.00 0 0 0 0 2017/01/05 15:58:54.758
04:13:39.596 1
2179 3665771 48418C KLM37W 2104 -0.7228300 39.6465900 5350.00 198.00 240.30 -1152.00 0 0 0 0 2017/01/05 15:58:54.758
04:13:40.596 1
2179 3665771 48418C KLM37W 2104 -0.7228300 39.6465900 5350.00 198.00 240.30 -1152.00 0 0 0 0 2017/01/05 15:58:54.758
04:13:41.597 1
2179 3665771 48418C KLM37W 2104 -0.7228300 39.6465900 5350.00 198.00 240.30 -1152.00 0 0 0 0 2017/01/05 15:58:54.758
04:13:42.598 1
2179 3665771 48418C KLM37W 2104 -0.7228300 39.6465900 5350.00 198.00 240.30 -1152.00 0 0 0 0 2017/01/05 15:58:54.758
04:13:43.599 1
2179 3665771 48418C KLM37W 2104 -0.7228300 39.6465900 5350.00 198.00 240.30 -1152.00 0 0 0 0 2017/01/05 15:58:54.758
04:13:44.601 1
2179 3665771 48418C KLM37W 2104 -0.7228300 39.6465900 5350.00 198.00 240.30 -1152.00 0 0 0 0 2017/01/05 15:58:54.758
04:13:45.602 1
2179 3665771 48418C KLM37W 2104 -0.7228300 39.6465900 5350.00 198.00 240.30 -1152.00 0 0 0 0 2017/01/05 15:58:54.758
04:13:46.604 1
2179 3665771 48418C KLM37W 2104 -0.7228300 39.6465900 5350.00 198.00 240.30 -1152.00 0 0 0 0 2017/01/05 15:58:54.758
04:13:47.605 1
2179 3665771 48418C KLM37W 2104 -0.7228300 39.6465900 5350.00 198.00 240.30 -1152.00 0 0 0 0 2017/01/05 15:58:54.758
04:13:48.606 1
2179 3665771 48418C KLM37W 2104 -0.7228300 39.6465900 5350.00 198.00 240.30 -1152.00 0 0 0 0 2017/01/05 15:58:54.758
04:13:49.607 1
2179 3665771 48418C KLM37W 2104 -0.7228300 39.6465900 5350.00 198.00 240.30 -1152.00 0 0 0 0 2017/01/05 15:58:54.758
04:13:50.608 1
2179 3665771 48418C KLM37W 2104 -0.7228300 39.6465900 5350.00 198.00 240.30 -1152.00 0 0 0 0 2017/01/05 15:58:54.758
04:13:51.609 1
2179 3665771 48418C KLM37W 2104 -0.7228300 39.6465900 5350.00 198.00 240.30 -1152.00 0 0 0 0 2017/01/05 15:58:54.758
04:13:52.609 1
2179 3665771 48418C KLM37W 2104 -0.7228300 39.6465900 5350.00 198.00 240.30 -1152.00 0 0 0 0 2017/01/05 15:58:54.758
04:13:53.610 1
2179 3665771 48418C KLM37W 2104 -0.7228300 39.6465900 5350.00 198.00 240.30 -1152.00 0 0 0 0 2017/01/05 15:58:54.758
04:13:54.611 1
2179 3665771 48418C KLM37W 2104 -0.7228300 39.6465900 5350.00 198.00 240.30 -1152.00 0 0 0 0 2017/01/05 15:58:54.758
04:13:55.611 1
2179 3665771 48418C KLM37W 2104 -0.7492700 39.6331800 4900.00 199.00 221.90 -960.00 0 0 0 0 2017/01/05 15:58:54.758
04:13:56.613 1
2179 3665771 48418C KLM37W 2104 -0.7492700 39.6331800 4900.00 199.00 221.90 -960.00 0 0 0 0 2017/01/05 15:58:54.758
04:13:57.613 1
2179 3665771 48418C KLM37W 2104 -0.7492700 39.6331800 4900.00 199.00 221.90 -960.00 0 0 0 0 2017/01/05 15:58:54.758
04:13:58.613 1
2179 3665771 48418C KLM37W 2104 -0.7492700 39.6331800 4900.00 199.00 221.90 -960.00 0 0 0 0 2017/01/05 15:58:54.758
04:13:59.614 1
2179 3665771 48418C KLM37W 2104 -0.7492700 39.6331800 4900.00 199.00 221.90 -960.00 0 0 0 0 2017/01/05 15:58:54.758
04:14:00.615 1
2179 3665771 48418C KLM37W 2104 -0.7492700 39.6331800 4900.00 199.00 221.90 -960.00 0 0 0 0 2017/01/05 15:58:54.758
04:14:01.616 1
2179 3665771 48418C KLM37W 2104 -0.7492700 39.6331800 4900.00 199.00 221.90 -960.00 0 0 0 0 2017/01/05 15:58:54.758
04:14:02.618 1
2179 3665771 48418C KLM37W 2104 -0.7492700 39.6331800 4900.00 199.00 221.90 -960.00 0 0 0 0 2017/01/05 15:58:54.758
04:14:03.619 1
2179 3665771 48418C KLM37W 2104 -0.7492700 39.6331800 4900.00 199.00 221.90 -960.00 0 0 0 0 2017/01/05 15:58:54.758
04:14:04.620 1
2179 3665771 48418C KLM37W 2104 -0.7492700 39.6331800 4900.00 199.00 221.90 -960.00 0 0 0 0 2017/01/05 15:58:54.758
04:14:05.621 1
2179 3665771 48418C KLM37W 2104 -0.7492700 39.6331800 4900.00 199.00 221.90 -960.00 0 0 0 0 2017/01/05 15:58:54.758
04:14:06.623 1
2179 3665771 48418C KLM37W 2104 -0.7492700 39.6331800 4900.00 199.00 221.90 -960.00 0 0 0 0 2017/01/05 15:58:54.758
04:14:07.624 1
2179 3665771 48418C KLM37W 2104 -0.7492700 39.6331800 4900.00 199.00 221.90 -960.00 0 0 0 0 2017/01/05 15:58:54.758
04:14:08.624 1
2179 3665771 48418C KLM37W 2104 -0.7492700 39.6331800 4900.00 199.00 221.90 -960.00 0 0 0 0 2017/01/05 15:58:54.758
04:14:09.626 1
2179 3665771 48418C KLM37W 2104 -0.7492700 39.6331800 4900.00 199.00 221.90 -960.00 0 0 0 0 2017/01/05 15:58:54.758
04:14:10.626 1
2179 3665771 48418C KLM37W 2104 -0.7492700 39.6331800 4900.00 199.00 221.90 -960.00 0 0 0 0 2017/01/05 15:58:54.758
04:14:11.628 1
2179 3665771 48418C KLM37W 2104 -0.7492700 39.6331800 4900.00 199.00 221.90 -960.00 0 0 0 0 2017/01/05 15:58:54.758
04:14:12.629 1
2179 3665771 48418C KLM37W 2104 -0.7492700 39.6331800 4900.00 199.00 221.90 -960.00 0 0 0 0 2017/01/05 15:58:54.758
04:14:13.629 1
2179 3665771 48418C KLM37W 2104 -0.7492700 39.6331800 4900.00 199.00 221.90 -960.00 0 0 0 0 2017/01/05 15:58:54.758
04:14:14.630 1
2179 3665771 48418C KLM37W 2104 -0.7492700 39.6331800 4900.00 199.00 221.90 -960.00 0 0 0 0 2017/01/05 15:58:54.758
04:14:15.631 1
2179 3665771 48418C KLM37W 2104 -0.7492700 39.6331800 4900.00 199.00 221.90 -960.00 0 0 0 0 2017/01/05 15:58:54.758
04:14:16.632 1
2179 3665771 48418C KLM37W 2104 -0.7492700 39.6331800 4900.00 199.00 221.90 -960.00 0 0 0 0 2017/01/05 15:58:54.758
04:14:17.633 1
2179 3665771 48418C KLM37W 2104 -0.7492700 39.6331800 4900.00 199.00 221.90 -960.00 0 0 0 0 2017/01/05 15:58:54.758
04:14:18.633 1
2179 3665771 48418C KLM37W 2104 -0.7492700 39.6331800 4900.00 199.00 221.90 -960.00 0 0 0 0 2017/01/05 15:58:54.758
04:14:19.634 1
2179 3665771 48418C KLM37W 2104 -0.7492700 39.6331800 4900.00 199.00 221.90 -960.00 0 0 0 0 2017/01/05 15:58:54.758
04:14:20.634 1
2179 3665771 48418C KLM37W 2104 -0.7492700 39.6331800 4900.00 199.00 221.90 -960.00 0 0 0 0 2017/01/05 15:58:54.758
04:14:21.635 1
2179 3665771 48418C KLM37W 2104 -0.7492700 39.6331800 4900.00 199.00 221.90 -960.00 0 0 0 0 2017/01/05 15:58:54.758
04:14:22.636 1
2179 3665771 48418C KLM37W 2104 -0.7492700 39.6331800 4900.00 199.00 221.90 -960.00 0 0 0 0 2017/01/05 15:58:54.758
04:14:23.637 1
2179 3665771 48418C KLM37W 2104 -0.7492700 39.6331800 4900.00 199.00 221.90 -960.00 0 0 0 0 2017/01/05 15:58:54.758
04:14:24.638 1
2179 3665771 48418C KLM37W 2104 -0.7492700 39.6331800 4900.00 199.00 221.90 -960.00 0 0 0 0 2017/01/05 15:58:54.758
04:14:25.638 1
2179 3665771 48418C KLM37W 2104 -0.7492700 39.6331800 4900.00 199.00 221.90 -960.00 0 0 0 0 2017/01/05 15:58:54.758
04:14:26.639 1
2179 3665771 48418C KLM37W 2104 -0.7492700 39.6331800 4900.00 199.00 221.90 -960.00 0 0 0 0 2017/01/05 15:58:54.758
04:14:27.641 1
2179 3665771 48418C KLM37W 2104 -0.7492700 39.6331800 4900.00 199.00 221.90 -960.00 0 0 0 0 2017/01/05 15:58:54.758
04:14:28.643 1
2179 3665771 48418C KLM37W 2104 -0.7492700 39.6331800 4900.00 199.00 221.90 -960.00 0 0 0 0 2017/01/05 15:58:54.758
04:14:29.645 1
2179 3665771 48418C KLM37W 2104 -0.7492700 39.6331800 4900.00 199.00 221.90 -960.00 0 0 0 0 2017/01/05 15:58:54.758
04:14:30.647 1
2179 3665771 48418C KLM37W 2104 -0.7492700 39.6331800 4900.00 199.00 221.90 -960.00 0 0 0 0 2017/01/05 15:58:54.758
04:14:31.649 1
2179 3665771 48418C KLM37W 2104 -0.7492700 39.6331800 4900.00 199.00 221.90 -960.00 0 0 0 0 2017/01/05 15:58:54.758
04:14:32.650 1
2179 3665771 48418C KLM37W 2104 -0.7492700 39.6331800 4900.00 199.00 221.90 -960.00 0 0 0 0 2017/01/05 15:58:54.758
04:14:33.652 1
2179 3665771 48418C KLM37W 2104 -0.7492700 39.6331800 4900.00 199.00 221.90 -960.00 0 0 0 0 2017/01/05 15:58:54.758
04:14:34.653 1
2179 3665771 48418C KLM37W 2104 -0.7492700 39.6331800 4900.00 199.00 221.90 -960.00 0 0 0 0 2017/01/05 15:58:54.758
04:14:35.654 1
2179 3665771 48418C KLM37W 2104 -0.7492700 39.6331800 4900.00 199.00 221.90 -960.00 0 0 0 0 2017/01/05 15:58:54.758
04:14:36.654 1
2179 3665771 48418C KLM37W 2104 -0.7492700 39.6331800 4900.00 199.00 221.90 -960.00 0 0 0 0 2017/01/05 15:58:54.758
04:14:37.655 1
2179 3665771 48418C KLM37W 2104 -0.7492700 39.6331800 4900.00 199.00 221.90 -960.00 0 0 0 0 2017/01/05 15:58:54.758
04:14:38.656 1
2179 3665771 48418C KLM37W 2104 -0.7492700 39.6331800 4900.00 199.00 221.90 -960.00 0 0 0 0 2017/01/05 15:58:54.758
04:14:39.658 1
2179 3665771 48418C KLM37W 2104 -0.7492700 39.6331800 4900.00 199.00 221.90 -960.00 0 0 0 0 2017/01/05 15:58:54.758
04:14:40.659 1
2179 3665771 48418C KLM37W 2104 -0.7492700 39.6331800 4900.00 199.00 221.90 -960.00 0 0 0 0 2017/01/05 15:58:54.758
04:14:41.659 1
2179 3665771 48418C KLM37W 2104 -0.7492700 39.6331800 4900.00 199.00 221.90 -960.00 0 0 0 0 2017/01/05 15:58:54.758
04:14:42.660 1
2179 3665771 48418C KLM37W 2104 -0.7492700 39.6331800 4900.00 199.00 221.90 -960.00 0 0 0 0 2017/01/05 15:58:54.758
04:14:43.662 1
2179 3665771 48418C KLM37W 2104 -0.7492700 39.6331800 4900.00 199.00 221.90 -960.00 0 0 0 0 2017/01/05 15:58:54.758
04:14:44.663 1
2179 3665771 48418C KLM37W 2104 -0.7492700 39.6331800 4900.00 199.00 221.90 -960.00 0 0 0 0 2017/01/05 15:58:54.758
04:14:45.664 1
2179 3665771 48418C KLM37W 2104 -0.7492700 39.6331800 4900.00 199.00 221.90 -960.00 0 0 0 0 2017/01/05 15:58:54.758
04:14:46.664 1
2179 3665771 48418C KLM37W 2104 -0.7492700 39.6331800 4900.00 199.00 221.90 -960.00 0 0 0 0 2017/01/05 15:58:54.758
04:14:47.665 1
2179 3665771 48418C KLM37W 2104 -0.7492700 39.6331800 4900.00 199.00 221.90 -960.00 0 0 0 0 2017/01/05 15:58:54.758
04:14:48.666 1
2179 3665771 48418C KLM37W 2104 -0.7492700 39.6331800 4900.00 199.00 221.90 -960.00 0 0 0 0 2017/01/05 15:58:54.758
04:14:49.667 1
2179 3665771 48418C KLM37W 2104 -0.7492700 39.6331800 4900.00 199.00 221.90 -960.00 0 0 0 0 2017/01/05 15:58:54.758
04:14:50.668 1
2179 3665771 48418C KLM37W 2104 -0.7492700 39.6331800 4900.00 199.00 221.90 -960.00 0 0 0 0 2017/01/05 15:58:54.758
04:14:51.670 1
2179 3665771 48418C KLM37W 2104 -0.7492700 39.6331800 4900.00 199.00 221.90 -960.00 0 0 0 0 2017/01/05 15:58:54.758
04:14:52.671 1
2179 3665771 48418C KLM37W 2104 -0.7492700 39.6331800 4900.00 199.00 221.90 -960.00 0 0 0 0 2017/01/05 15:58:54.758
04:14:53.671 1
2179 3665771 48418C KLM37W 2104 -0.7492700 39.6331800 4900.00 199.00 221.90 -960.00 0 0 0 0 2017/01/05 15:58:54.758
04:14:54.672 1
2179 3665771 48418C KLM37W 2104 -0.7492700 39.6331800 4900.00 199.00 221.90 -960.00 0 0 0 0 2017/01/05 15:58:54.758
04:14:55.673 1
2179 3665771 48418C KLM37W 2104 -0.7492700 39.6331800 4900.00 199.00 221.90 -960.00 0 0 0 0 2017/01/05 15:58:54.758
04:14:56.674 1
2179 3665771 48418C KLM37W 2104 -0.7492700 39.6331800 4900.00 199.00 221.90 -960.00 0 0 0 0 2017/01/05 15:58:54.758
04:14:57.674 1
2179 3665771 48418C KLM37W 2104 -0.7492700 39.6331800 4900.00 199.00 221.90 -960.00 0 0 0 0 2017/01/05 15:58:54.758
04:14:58.676 1
2179 3665771 48418C KLM37W 2104 -0.7492700 39.6331800 4900.00 199.00 221.90 -960.00 0 0 0 0 2017/01/05 15:58:54.758
04:14:59.676 1
2179 3665771 48418C KLM37W 2104 -0.7492700 39.6331800 4900.00 199.00 221.90 -960.00 0 0 0 0 2017/01/05 15:58:54.758
04:15:00.677 1
2179 3665771 48418C KLM37W 2104 -0.7492700 39.6331800 4900.00 199.00 221.90 -960.00 0 0 0 0 2017/01/05 15:58:54.758
04:15:01.678 1
2179 3665771 48418C KLM37W 2104 -0.7492700 39.6331800 4900.00 199.00 221.90 -960.00 0 0 0 0 2017/01/05 15:58:54.758
04:15:02.680 1
2179 3665771 48418C KLM37W 2104 -0.7492700 39.6331800 4900.00 199.00 221.90 -960.00 0 0 0 0 2017/01/05 15:58:54.758
04:15:03.681 1
2179 3665771 48418C KLM37W 2104 -0.7492700 39.6331800 4900.00 199.00 221.90 -960.00 0 0 0 0 2017/01/05 15:58:54.758
04:15:04.681 1
2179 3665771 48418C KLM37W 2104 -0.7492700 39.6331800 4900.00 199.00 221.90 -960.00 0 0 0 0 2017/01/05 15:58:54.758
04:15:05.682 1
2179 3665771 48418C KLM37W 2104 -0.7492700 39.6331800 4900.00 199.00 221.90 -960.00 0 0 0 0 2017/01/05 15:58:54.758
04:15:06.682 1
2179 3665771 48418C KLM37W 2104 -0.7492700 39.6331800 4900.00 199.00 221.90 -960.00 0 0 0 0 2017/01/05 15:58:54.758
04:15:07.683 1
2179 3665771 48418C KLM37W 2104 -0.7492700 39.6331800 4900.00 199.00 221.90 -960.00 0 0 0 0 2017/01/05 15:58:54.758
04:15:08.685 1
2179 3665771 48418C KLM37W 2104 -0.7492700 39.6331800 4900.00 199.00 221.90 -960.00 0 0 0 0 2017/01/05 15:58:54.758
04:15:09.686 1
2179 3665771 48418C KLM37W 2104 -0.7492700 39.6331800 4900.00 199.00 221.90 -960.00 0 0 0 0 2017/01/05 15:58:54.758
04:15:10.687 1
2179 3665771 48418C KLM37W 2104 -0.7492700 39.6331800 4900.00 199.00 221.90 -960.00 0 0 0 0 2017/01/05 15:58:54.758
04:15:11.689 1
2179 3665771 48418C KLM37W 2104 -0.7492700 39.6331800 4900.00 199.00 221.90 -960.00 0 0 0 0 2017/01/05 15:58:54.758
04:15:12.689 1
2179 3665771 48418C KLM37W 2104 -0.7492700 39.6331800 4900.00 199.00 221.90 -960.00 0 0 0 0 2017/01/05 15:58:54.758
04:15:13.693 1
2179 3665771 48418C KLM37W 2104 -0.7492700 39.6331800 4900.00 199.00 221.90 -960.00 0 0 0 0 2017/01/05 15:58:54.758
04:15:14.693 1
2179 3665771 48418C KLM37W 2104 -0.7492700 39.6331800 4900.00 199.00 221.90 -960.00 0 0 0 0 2017/01/05 15:58:54.758
04:15:15.694 1
2179 3665771 48418C KLM37W 2104 -0.7492700 39.6331800 4900.00 199.00 221.90 -960.00 0 0 0 0 2017/01/05 15:58:54.758
04:15:16.696 1
2179 3665771 48418C KLM37W 2104 -0.7492700 39.6331800 4900.00 199.00 221.90 -960.00 0 0 0 0 2017/01/05 15:58:54.758
04:15:17.696 1
2179 3665771 48418C KLM37W 2104 -0.7492700 39.6331800 4900.00 199.00 221.90 -960.00 0 0 0 0 2017/01/05 15:58:54.758
04:15:18.698 1
2179 3665771 48418C KLM37W 2104 -0.7492700 39.6331800 4900.00 199.00 221.90 -960.00 0 0 0 0 2017/01/05 15:58:54.758
04:15:19.698 1
2179 3665771 48418C KLM37W 2104 -0.7492700 39.6331800 4900.00 199.00 221.90 -960.00 0 0 0 0 2017/01/05 15:58:54.758
04:15:20.698 1
2179 3665771 48418C KLM37W 2104 -0.7492700 39.6331800 4900.00 199.00 221.90 -960.00 0 0 0 0 2017/01/05 15:58:54.758
04:15:21.699 1
2179 3665771 48418C KLM37W 2104 -0.7492700 39.6331800 4900.00 199.00 221.90 -960.00 0 0 0 0 2017/01/05 15:58:54.758
04:15:22.699 1
2179 3665771 48418C KLM37W 2104 -0.7492700 39.6331800 4900.00 199.00 221.90 -960.00 0 0 0 0 2017/01/05 15:58:54.758
04:15:23.701 1
2179 3665771 48418C KLM37W 2104 -0.7492700 39.6331800 4900.00 199.00 221.90 -960.00 0 0 0 0 2017/01/05 15:58:54.758
04:15:24.702 1
2179 3665771 48418C KLM37W 2104 -0.7492700 39.6331800 4900.00 199.00 221.90 -960.00 0 0 0 0 2017/01/05 15:58:54.758
04:15:25.702 1
2179 3665771 48418C KLM37W 2104 -0.7492700 39.6331800 4900.00 199.00 221.90 -960.00 0 0 0 0 2017/01/05 15:58:54.758
04:15:26.703 1
2179 3665771 48418C KLM37W 2104 -0.7492700 39.6331800 4900.00 199.00 221.90 -960.00 0 0 0 0 2017/01/05 15:58:54.758
04:15:27.703 1
2179 3665771 48418C KLM37W 2104 -0.7492700 39.6331800 4900.00 199.00 221.90 -960.00 0 0 0 0 2017/01/05 15:58:54.758
04:15:28.705 1
2179 3665771 48418C KLM37W 2104 -0.7492700 39.6331800 4900.00 199.00 221.90 -960.00 0 0 0 0 2017/01/05 15:58:54.758
